id,start_time,end_time,duration,len_block_range
0,1714964117157,1714964117184,27,null
1,1714964117158,1714964117190,32,null
2,1714964117158,1714964117185,27,null
3,1714964117158,1714964117253,95,null
4,1714964117159,1714964117295,136,null
5,1714964117159,1714964118062,903,null
6,1714964117159,1714964118075,916,null
7,1714964117159,1714964117311,152,null
8,1714964117159,1714964117445,286,null
9,1714964117159,1714964117344,185,null
10,1714964117159,1714964117591,432,null
11,1714964117159,1714964118062,903,null
12,1714964117159,1714964117692,533,null
13,1714964117160,1714964118062,902,null
14,1714964117160,1714964117478,318,null
15,1714964117160,1714964117338,178,null
16,1714964117160,1714964117492,332,null
17,1714964117160,1714964117524,364,null
18,1714964117160,1714964117523,363,null
19,1714964117160,1714964117527,367,null
20,1714964117160,1714964117523,363,null
21,1714964117161,1714964117569,408,null
22,1714964117161,1714964118062,901,null
23,1714964117161,1714964118062,901,null
24,1714964117161,1714964117344,183,null
25,1714964117161,1714964117344,183,null
26,1714964117161,1714964117295,134,null
27,1714964117161,1714964117295,134,null
28,1714964117161,1714964117295,134,null
29,1714964117161,1714964118062,901,null
30,1714964117162,1714964117295,133,null
31,1714964117162,1714964117253,91,null
32,1714964117162,1714964117337,175,null
33,1714964117162,1714964117454,292,null
34,1714964117162,1714964117445,283,null
35,1714964117162,1714964117216,54,null
36,1714964117162,1714964117478,316,null
37,1714964117162,1714964117480,318,null
38,1714964117162,1714964118489,1327,null
39,1714964117163,1714964118445,1282,null
40,1714964117163,1714964118460,1297,null
41,1714964117163,1714964118360,1197,null
42,1714964117163,1714964118344,1181,null
43,1714964117163,1714964118383,1220,null
44,1714964117163,1714964118401,1238,null
45,1714964117163,1714964118563,1400,null
46,1714964117163,1714964118383,1220,null
47,1714964117163,1714964118365,1202,null
48,1714964117164,1714964118416,1252,null
49,1714964117164,1714964118395,1231,null
50,1714964117164,1714964118515,1351,null
51,1714964117164,1714964118402,1238,null
52,1714964117164,1714964118341,1177,null
53,1714964117164,1714964118388,1224,null
54,1714964117164,1714964118460,1296,null
55,1714964117164,1714964118427,1263,null
56,1714964117164,1714964117338,174,null
57,1714964117165,1714964117459,294,null
58,1714964117165,1714964117489,324,null
59,1714964117165,1714964118208,1043,null
60,1714964117165,1714964118472,1307,null
61,1714964117165,1714964118448,1283,null
62,1714964117165,1714964118460,1295,null
63,1714964117165,1714964118535,1370,null
64,1714964117165,1714964118353,1188,null
65,1714964117165,1714964118563,1398,null
66,1714964117166,1714964117344,178,null
67,1714964117166,1714964117486,320,null
68,1714964117166,1714964118515,1349,null
69,1714964117166,1714964118515,1349,null
70,1714964117166,1714964118423,1257,null
71,1714964117166,1714964117457,291,null
72,1714964117166,1714964118515,1349,null
73,1714964117166,1714964118369,1203,null
74,1714964117166,1714964118460,1294,null
75,1714964117167,1714964117295,128,null
76,1714964117167,1714964118416,1249,null
77,1714964117167,1714964117295,128,null
78,1714964117167,1714964118221,1054,null
79,1714964117167,1714964118467,1300,null
80,1714964117167,1714964118523,1356,null
81,1714964117167,1714964117530,363,null
82,1714964117167,1714964117295,128,null
83,1714964117167,1714964117314,147,null
84,1714964117168,1714964117459,291,null
85,1714964117171,1714964117295,124,null
86,1714964117174,1714964117407,233,null
87,1714964117174,1714964117313,139,null
88,1714964117174,1714964117407,233,null
89,1714964117175,1714964117344,169,null
90,1714964117176,1714964117295,119,null
91,1714964117177,1714964117338,161,null
92,1714964117177,1714964118062,885,null
93,1714964117178,1714964118062,884,null
94,1714964117179,1714964117344,165,null
95,1714964117179,1714964117403,224,null
96,1714964117180,1714964117338,158,null
97,1714964117185,1714964117253,68,null
98,1714964117190,1714964117295,105,null
99,1714964117191,1714964117361,170,null
100,1714964117197,1714964118062,865,null
101,1714964117197,1714964117480,283,null
102,1714964117197,1714964117502,305,null
103,1714964117197,1714964117523,326,null
104,1714964117197,1714964118062,865,null
105,1714964117197,1714964117523,326,null
106,1714964117197,1714964117523,326,null
107,1714964117197,1714964117407,210,null
108,1714964117198,1714964117492,294,null
109,1714964117198,1714964117565,367,null
110,1714964117198,1714964117561,363,null
111,1714964117198,1714964117576,378,null
112,1714964117198,1714964118062,864,null
113,1714964117198,1714964118072,874,null
114,1714964117198,1714964117445,247,null
115,1714964117199,1714964117295,96,null
116,1714964117199,1714964117295,96,null
117,1714964117199,1714964117295,96,null
118,1714964117199,1714964117591,392,null
119,1714964117199,1714964117407,208,null
120,1714964117199,1714964117344,145,null
121,1714964117199,1714964117407,208,null
122,1714964117199,1714964117407,208,null
123,1714964117200,1714964117407,207,null
124,1714964117200,1714964118062,862,null
125,1714964117200,1714964118062,862,null
126,1714964117200,1714964117295,95,null
127,1714964117200,1714964117555,355,null
128,1714964117200,1714964117563,363,null
129,1714964117200,1714964117581,381,null
130,1714964117201,1714964118062,861,null
131,1714964117201,1714964118075,874,null
132,1714964117201,1714964118062,861,null
133,1714964117201,1714964118062,861,null
134,1714964117201,1714964118071,870,null
135,1714964117201,1714964117317,116,null
136,1714964117201,1714964118062,861,null
137,1714964117201,1714964118062,861,null
138,1714964117202,1714964118066,864,null
139,1714964117202,1714964118062,860,null
140,1714964117202,1714964118066,864,null
141,1714964117202,1714964118062,860,null
142,1714964117202,1714964118066,864,null
143,1714964117202,1714964118072,870,null
144,1714964117202,1714964118062,860,null
145,1714964117202,1714964117523,321,null
146,1714964117203,1714964118072,869,null
147,1714964117203,1714964118062,859,null
148,1714964117203,1714964118072,869,null
149,1714964117203,1714964118072,869,null
150,1714964117203,1714964118072,869,null
151,1714964117203,1714964118072,869,null
152,1714964117203,1714964118072,869,null
153,1714964117203,1714964118062,859,null
154,1714964117203,1714964118062,859,null
155,1714964117204,1714964118068,864,null
156,1714964117207,1714964118104,897,null
157,1714964117207,1714964118068,861,null
158,1714964117207,1714964118104,897,null
159,1714964117210,1714964118195,985,null
160,1714964117210,1714964118071,861,null
161,1714964117210,1714964118062,852,null
162,1714964117210,1714964118072,862,null
163,1714964117210,1714964118104,894,null
164,1714964117210,1714964118072,862,null
165,1714964117211,1714964117407,196,null
166,1714964117220,1714964117407,187,null
167,1714964117220,1714964117406,186,null
168,1714964117222,1714964117407,185,null
169,1714964117222,1714964117405,183,null
170,1714964117223,1714964117447,224,null
171,1714964117224,1714964117464,240,null
172,1714964117224,1714964117455,231,null
173,1714964117225,1714964118062,837,null
174,1714964117226,1714964117431,205,null
175,1714964117226,1714964117406,180,null
176,1714964117227,1714964117431,204,null
177,1714964117228,1714964117426,198,null
178,1714964117228,1714964117431,203,null
179,1714964117228,1714964117431,203,null
180,1714964117228,1714964117445,217,null
181,1714964117229,1714964117445,216,null
182,1714964117229,1714964117445,216,null
183,1714964117229,1714964118072,843,null
184,1714964117230,1714964118072,842,null
185,1714964117230,1714964118072,842,null
186,1714964117230,1714964119102,1872,null
187,1714964117230,1714964118559,1329,null
188,1714964117230,1714964118072,842,null
189,1714964117231,1714964118072,841,null
190,1714964117231,1714964117431,200,null
191,1714964117261,1714964117749,488,null
192,1714964117474,1714964118062,588,null
193,1714964117474,1714964118062,588,null
194,1714964117475,1714964118062,587,null
195,1714964117475,1714964118062,587,null
196,1714964117476,1714964118062,586,null
197,1714964117476,1714964118062,586,null
198,1714964117476,1714964118062,586,null
199,1714964117477,1714964118062,585,null
200,1714964117477,1714964118062,585,null
201,1714964117481,1714964118062,581,null
202,1714964117482,1714964118062,580,null
203,1714964117482,1714964118062,580,null
204,1714964117483,1714964118062,579,null
205,1714964117483,1714964118062,579,null
206,1714964117483,1714964118062,579,null
207,1714964117484,1714964117693,209,null
208,1714964117484,1714964118062,578,null
209,1714964117484,1714964117765,281,null
210,1714964117484,1714964118062,578,null
211,1714964117485,1714964118062,577,null
212,1714964117486,1714964118062,576,null
213,1714964117486,1714964117753,267,null
214,1714964117487,1714964118062,575,null
215,1714964117487,1714964118062,575,null
216,1714964117487,1714964118062,575,null
217,1714964117488,1714964118062,574,null
218,1714964117488,1714964118062,574,null
219,1714964117488,1714964118062,574,null
220,1714964117489,1714964118062,573,null
221,1714964117489,1714964118062,573,null
222,1714964117491,1714964118062,571,null
223,1714964117496,1714964118062,566,null
224,1714964117496,1714964118062,566,null
225,1714964117499,1714964118062,563,null
226,1714964117499,1714964117591,92,null
227,1714964117500,1714964117602,102,null
228,1714964117500,1714964118062,562,null
229,1714964117500,1714964118062,562,null
230,1714964117501,1714964118062,561,null
231,1714964117501,1714964118062,561,null
232,1714964117502,1714964118062,560,null
233,1714964117504,1714964118066,562,null
234,1714964117504,1714964118062,558,null
235,1714964117504,1714964118072,568,null
236,1714964117505,1714964118062,557,null
237,1714964117505,1714964118072,567,null
238,1714964117505,1714964118062,557,null
239,1714964117506,1714964118062,556,null
240,1714964117506,1714964117767,261,null
241,1714964117506,1714964117772,266,null
242,1714964117506,1714964118062,556,null
243,1714964117506,1714964118062,556,null
244,1714964117506,1714964118065,559,null
245,1714964117507,1714964118066,559,null
246,1714964117507,1714964118072,565,null
247,1714964117507,1714964118075,568,null
248,1714964117507,1714964118066,559,null
249,1714964117507,1714964118066,559,null
250,1714964117507,1714964118067,560,null
251,1714964117507,1714964118067,560,null
252,1714964117507,1714964118062,555,null
253,1714964117507,1714964118062,555,null
254,1714964117508,1714964118072,564,null
255,1714964117512,1714964118072,560,null
256,1714964117512,1714964118062,550,null
257,1714964117512,1714964118072,560,null
258,1714964117512,1714964118062,550,null
259,1714964117512,1714964118065,553,null
260,1714964117512,1714964118563,1051,null
261,1714964117513,1714964118072,559,null
262,1714964117513,1714964118066,553,null
263,1714964117513,1714964118067,554,null
264,1714964117513,1714964118071,558,null
265,1714964117513,1714964118071,558,null
266,1714964117513,1714964118072,559,null
267,1714964117513,1714964118071,558,null
268,1714964117513,1714964118103,590,null
269,1714964117513,1714964118071,558,null
270,1714964117514,1714964118072,558,null
271,1714964117514,1714964118062,548,null
272,1714964117514,1714964118068,554,null
273,1714964117514,1714964118071,557,null
274,1714964117514,1714964118071,557,null
275,1714964117514,1714964118071,557,null
276,1714964117514,1714964118071,557,null
277,1714964117514,1714964118072,558,null
278,1714964117514,1714964118072,558,null
279,1714964117515,1714964118072,557,null
280,1714964117515,1714964118072,557,null
281,1714964117515,1714964118072,557,null
282,1714964117515,1714964118072,557,null
283,1714964117515,1714964118597,1082,null
284,1714964117515,1714964118067,552,null
285,1714964117515,1714964118072,557,null
286,1714964117515,1714964118072,557,null
287,1714964117515,1714964118072,557,null
288,1714964117518,1714964118075,557,null
289,1714964117518,1714964118072,554,null
290,1714964117518,1714964118075,557,null
291,1714964117518,1714964119193,1675,null
292,1714964117518,1714964118211,693,null
293,1714964117519,1714964118072,553,null
294,1714964117519,1714964119102,1583,null
295,1714964117519,1714964118104,585,null
296,1714964117519,1714964118104,585,null
297,1714964117520,1714964118072,552,null
298,1714964117520,1714964118489,969,null
299,1714964117520,1714964118072,552,null
300,1714964117526,1714964119193,1667,null
301,1714964117526,1714964118460,934,null
302,1714964117527,1714964118563,1036,null
303,1714964117527,1714964118198,671,null
304,1714964117527,1714964118072,545,null
305,1714964117527,1714964118488,961,null
306,1714964117527,1714964118208,681,null
307,1714964117527,1714964118208,681,null
308,1714964117528,1714964118493,965,null
309,1714964117528,1714964118570,1042,null
310,1714964117528,1714964118268,740,null
311,1714964117529,1714964118234,705,null
312,1714964117529,1714964118623,1094,null
313,1714964117534,1714964118416,882,null
314,1714964117534,1714964119088,1554,null
315,1714964117539,1714964118918,1379,null
316,1714964117539,1714964118579,1040,null
317,1714964117539,1714964118218,679,null
318,1714964117540,1714964118563,1023,null
319,1714964117541,1714964118567,1026,null
320,1714964117541,1714964118254,713,null
321,1714964117541,1714964119193,1652,null
322,1714964117541,1714964118642,1101,null
323,1714964117541,1714964118923,1382,null
324,1714964117541,1714964118914,1373,null
325,1714964117542,1714964119090,1548,null
326,1714964117542,1714964118515,973,null
327,1714964117542,1714964119102,1560,null
328,1714964117543,1714964119091,1548,null
329,1714964117543,1714964119093,1550,null
330,1714964117543,1714964119100,1557,null
331,1714964117543,1714964119098,1555,null
332,1714964117543,1714964119102,1559,null
333,1714964117544,1714964119102,1558,null
334,1714964117544,1714964119096,1552,null
335,1714964117544,1714964119102,1558,null
336,1714964117544,1714964119102,1558,null
337,1714964117544,1714964119102,1558,null
338,1714964117544,1714964118603,1059,null
339,1714964117545,1714964119102,1557,null
340,1714964117545,1714964119102,1557,null
341,1714964117545,1714964119102,1557,null
342,1714964117545,1714964119102,1557,null
343,1714964117546,1714964119102,1556,null
344,1714964117547,1714964119095,1548,null
345,1714964117547,1714964119193,1646,null
346,1714964117547,1714964118577,1030,null
347,1714964117547,1714964119102,1555,null
348,1714964117547,1714964118062,515,null
349,1714964117547,1714964119102,1555,null
350,1714964117548,1714964119102,1554,null
351,1714964117548,1714964119102,1554,null
352,1714964117552,1714964119193,1641,null
353,1714964117552,1714964119819,2267,null
354,1714964117553,1714964119827,2274,null
355,1714964117553,1714964119812,2259,null
356,1714964117553,1714964119193,1640,null
357,1714964117553,1714964119193,1640,null
358,1714964117553,1714964119193,1640,null
359,1714964117553,1714964119821,2268,null
360,1714964117554,1714964119193,1639,null
361,1714964117554,1714964119193,1639,null
362,1714964117554,1714964119827,2273,null
363,1714964117555,1714964119828,2273,null
364,1714964117555,1714964119193,1638,null
365,1714964117556,1714964118489,933,null
366,1714964117556,1714964119985,2429,null
367,1714964117556,1714964119193,1637,null
368,1714964117557,1714964118563,1006,null
369,1714964117557,1714964118341,784,null
370,1714964117558,1714964118290,732,null
371,1714964117558,1714964118320,762,null
372,1714964117558,1714964118291,733,null
373,1714964117559,1714964118581,1022,null
374,1714964117559,1714964118290,731,null
375,1714964117559,1714964118320,761,null
376,1714964117563,1714964118315,752,null
377,1714964117564,1714964118319,755,null
378,1714964117576,1714964118323,747,null
379,1714964117578,1714964118062,484,null
380,1714964117584,1714964118062,478,null
381,1714964117584,1714964118062,478,null
382,1714964117585,1714964118062,477,null
383,1714964117585,1714964117756,171,null
384,1714964117585,1714964118072,487,null
385,1714964117586,1714964118062,476,null
386,1714964117586,1714964118062,476,null
387,1714964117588,1714964118062,474,null
388,1714964117589,1714964118072,483,null
389,1714964117590,1714964118066,476,null
390,1714964117590,1714964118075,485,null
391,1714964117674,1714964118066,392,null
392,1714964117674,1714964118067,393,null
393,1714964117675,1714964118067,392,null
394,1714964117675,1714964118068,393,null
395,1714964117676,1714964118071,395,null
396,1714964117676,1714964118071,395,null
397,1714964117677,1714964118071,394,null
398,1714964117677,1714964118072,395,null
399,1714964117678,1714964118072,394,null
400,1714964117678,1714964118066,388,null
401,1714964117679,1714964118067,388,null
402,1714964117679,1714964118067,388,null
403,1714964117680,1714964118068,388,null
404,1714964117680,1714964118071,391,null
405,1714964117681,1714964118071,390,null
406,1714964117681,1714964118071,390,null
407,1714964117682,1714964118071,389,null
408,1714964117682,1714964118072,390,null
409,1714964117683,1714964118072,389,null
410,1714964117683,1714964118072,389,null
411,1714964117684,1714964118072,388,null
412,1714964117684,1714964118072,388,null
413,1714964117685,1714964118104,419,null
414,1714964117685,1714964118072,387,null
415,1714964117686,1714964118072,386,null
416,1714964117687,1714964118072,385,null
417,1714964117687,1714964118072,385,null
418,1714964117688,1714964118649,961,null
419,1714964117688,1714964118075,387,null
420,1714964117689,1714964118075,386,null
421,1714964117689,1714964118532,843,null
422,1714964117690,1714964118460,770,null
423,1714964117691,1714964118332,641,null
424,1714964117691,1714964118066,375,null
425,1714964117815,1714964118075,260,null
426,1714964117816,1714964118208,392,null
427,1714964117816,1714964118540,724,null
428,1714964117817,1714964118208,391,null
429,1714964117817,1714964118208,391,null
430,1714964117818,1714964118211,393,null
431,1714964117819,1714964118582,763,null
432,1714964117820,1714964118188,368,null
433,1714964117822,1714964118519,697,null
434,1714964117822,1714964118208,386,null
435,1714964117823,1714964118208,385,null
436,1714964117823,1714964118595,772,null
437,1714964117824,1714964118478,654,null
438,1714964117824,1714964118215,391,null
439,1714964117825,1714964118191,366,null
440,1714964117825,1714964118595,770,null
441,1714964117826,1714964118527,701,null
442,1714964117826,1714964118623,797,null
443,1714964117827,1714964118542,715,null
444,1714964117827,1714964118072,245,null
445,1714964117828,1714964119102,1274,null
446,1714964118005,1714964119102,1097,null
447,1714964118006,1714964119156,1150,null
448,1714964118006,1714964119163,1157,null
449,1714964118007,1714964119193,1186,null
450,1714964118007,1714964119193,1186,null
451,1714964118008,1714964119193,1185,null
452,1714964118008,1714964119193,1185,null
453,1714964118009,1714964119193,1184,null
454,1714964118009,1714964119193,1184,null
455,1714964118010,1714964119193,1183,null
456,1714964118010,1714964119193,1183,null
457,1714964118011,1714964119193,1182,null
458,1714964118011,1714964119193,1182,null
459,1714964118012,1714964119102,1090,null
460,1714964118012,1714964119625,1613,null
461,1714964118013,1714964119102,1089,null
462,1714964118013,1714964119102,1089,null
463,1714964118014,1714964119190,1176,null
464,1714964118015,1714964119193,1178,null
465,1714964118015,1714964119193,1178,null
466,1714964118016,1714964119193,1177,null
467,1714964118016,1714964119193,1177,null
468,1714964118017,1714964119193,1176,null
469,1714964118018,1714964119193,1175,null
470,1714964118073,1714964119193,1120,null
471,1714964118148,1714964119193,1045,null
472,1714964118148,1714964119193,1045,null
473,1714964118149,1714964119193,1044,null
474,1714964118149,1714964119193,1044,null
475,1714964118149,1714964119193,1044,null
476,1714964118150,1714964119193,1043,null
477,1714964118150,1714964119193,1043,null
478,1714964118150,1714964119193,1043,null
479,1714964118151,1714964119193,1042,null
480,1714964118151,1714964119102,951,null
481,1714964118151,1714964119102,951,null
482,1714964118151,1714964119193,1042,null
483,1714964118151,1714964119102,951,null
484,1714964118151,1714964119102,951,null
485,1714964118152,1714964119102,950,null
486,1714964118152,1714964119102,950,null
487,1714964118227,1714964119193,966,null
488,1714964118548,1714964119102,554,null
489,1714964118549,1714964119159,610,null
490,1714964118549,1714964119189,640,null
491,1714964118549,1714964119193,644,null
492,1714964118549,1714964119193,644,null
493,1714964118549,1714964119193,644,null
494,1714964118549,1714964119193,644,null
495,1714964118549,1714964119193,644,null
496,1714964118549,1714964119193,644,null
497,1714964118549,1714964119193,644,null
498,1714964118550,1714964119193,643,null
499,1714964118550,1714964119193,643,null
500,1714964118550,1714964119193,643,null
501,1714964118550,1714964119102,552,null
502,1714964118550,1714964119102,552,null
503,1714964118550,1714964119102,552,null
504,1714964118550,1714964119193,643,null
505,1714964118550,1714964119102,552,null
506,1714964118550,1714964119102,552,null
507,1714964118551,1714964119102,551,null
508,1714964118551,1714964119102,551,null
509,1714964118551,1714964119102,551,null
510,1714964118551,1714964119102,551,null
511,1714964118551,1714964119193,642,null
512,1714964118551,1714964119102,551,null
513,1714964118551,1714964119102,551,null
514,1714964118551,1714964119606,1055,null
515,1714964118551,1714964119193,642,null
516,1714964118551,1714964119193,642,null
517,1714964118552,1714964119193,641,null
518,1714964118552,1714964119193,641,null
519,1714964118552,1714964119193,641,null
520,1714964118552,1714964119193,641,null
521,1714964118552,1714964119193,641,null
522,1714964118552,1714964119193,641,null
523,1714964118552,1714964119193,641,null
524,1714964118552,1714964119193,641,null
525,1714964118552,1714964119193,641,null
526,1714964118553,1714964119193,640,null
527,1714964118553,1714964119193,640,null
528,1714964118553,1714964119799,1246,null
529,1714964118553,1714964119102,549,null
530,1714964118553,1714964119193,640,null
531,1714964118553,1714964119731,1178,null
532,1714964118553,1714964119193,640,null
533,1714964118553,1714964119193,640,null
534,1714964118553,1714964119194,641,null
535,1714964118553,1714964119193,640,null
536,1714964118554,1714964119193,639,null
537,1714964118554,1714964119770,1216,null
538,1714964118554,1714964119193,639,null
539,1714964118554,1714964119193,639,null
540,1714964118554,1714964119193,639,null
541,1714964118554,1714964119193,639,null
542,1714964118554,1714964119758,1204,null
543,1714964118554,1714964119194,640,null
544,1714964118554,1714964119193,639,null
545,1714964118554,1714964119194,640,null
546,1714964118555,1714964119194,639,null
547,1714964118555,1714964119790,1235,null
548,1714964118555,1714964119194,639,null
549,1714964118555,1714964119768,1213,null
550,1714964118555,1714964119194,639,null
551,1714964118555,1714964119102,547,null
552,1714964118555,1714964119194,639,null
553,1714964118559,1714964119794,1235,null
554,1714964118559,1714964119193,634,null
555,1714964118559,1714964119754,1195,null
556,1714964118559,1714964119194,635,null
557,1714964118559,1714964119193,634,null
558,1714964118559,1714964119193,634,null
559,1714964118559,1714964119193,634,null
560,1714964118559,1714964119193,634,null
561,1714964118560,1714964119775,1215,null
562,1714964118560,1714964119764,1204,null
563,1714964118560,1714964119792,1232,null
564,1714964118560,1714964119194,634,null
565,1714964118560,1714964119194,634,null
566,1714964118560,1714964119194,634,null
567,1714964118560,1714964119194,634,null
568,1714964118560,1714964119194,634,null
569,1714964118560,1714964119194,634,null
570,1714964118561,1714964119194,633,null
571,1714964118561,1714964119193,632,null
572,1714964118561,1714964119770,1209,null
573,1714964118561,1714964119836,1275,null
574,1714964118561,1714964119986,1425,null
575,1714964118561,1714964119194,633,null
576,1714964118561,1714964119193,632,null
577,1714964118561,1714964119168,607,null
578,1714964118561,1714964119193,632,null
579,1714964118562,1714964119193,631,null
580,1714964118562,1714964119193,631,null
581,1714964118562,1714964119193,631,null
582,1714964118562,1714964119193,631,null
583,1714964118562,1714964119193,631,null
584,1714964118562,1714964119193,631,null
585,1714964118562,1714964119193,631,null
586,1714964118562,1714964119193,631,null
587,1714964118562,1714964119193,631,null
588,1714964118563,1714964119193,630,null
589,1714964118563,1714964119194,631,null
590,1714964118563,1714964119193,630,null
591,1714964118563,1714964119193,630,null
592,1714964118563,1714964119193,630,null
593,1714964118563,1714964119193,630,null
594,1714964118564,1714964119102,538,null
595,1714964118564,1714964119193,629,null
596,1714964118564,1714964119193,629,null
597,1714964118564,1714964119193,629,null
598,1714964118565,1714964119194,629,null
599,1714964118565,1714964119193,628,null
600,1714964118565,1714964119194,629,null
601,1714964118565,1714964119194,629,null
602,1714964118565,1714964119193,628,null
603,1714964118565,1714964119193,628,null
604,1714964118566,1714964119194,628,null
605,1714964118567,1714964119193,626,null
606,1714964118567,1714964119193,626,null
607,1714964118567,1714964119193,626,null
608,1714964118568,1714964119194,626,null
609,1714964118568,1714964119193,625,null
610,1714964118568,1714964119780,1212,null
611,1714964118568,1714964119194,626,null
612,1714964118568,1714964119194,626,null
613,1714964118568,1714964119283,715,null
614,1714964118568,1714964119194,626,null
615,1714964118568,1714964119460,892,null
616,1714964118568,1714964119460,892,null
617,1714964118568,1714964119482,914,null
618,1714964118569,1714964119194,625,null
619,1714964118569,1714964119194,625,null
620,1714964118569,1714964119193,624,null
621,1714964118576,1714964119193,617,null
622,1714964118576,1714964119193,617,null
623,1714964118577,1714964119193,616,null
624,1714964118577,1714964119194,617,null
625,1714964118577,1714964119193,616,null
626,1714964118577,1714964119193,616,null
627,1714964118577,1714964119193,616,null
628,1714964118577,1714964119193,616,null
629,1714964118577,1714964119776,1199,null
630,1714964118577,1714964119193,616,null
631,1714964118577,1714964119194,617,null
632,1714964118577,1714964119806,1229,null
633,1714964118578,1714964119194,616,null
634,1714964118578,1714964119193,615,null
635,1714964118578,1714964119194,616,null
636,1714964118578,1714964119194,616,null
637,1714964118578,1714964119194,616,null
638,1714964118578,1714964119194,616,null
639,1714964118578,1714964119332,754,null
640,1714964118578,1714964119194,616,null
641,1714964118578,1714964119194,616,null
642,1714964118579,1714964119770,1191,null
643,1714964118579,1714964119763,1184,null
644,1714964118579,1714964119194,615,null
645,1714964118579,1714964119768,1189,null
646,1714964118579,1714964119194,615,null
647,1714964118579,1714964119289,710,null
648,1714964118579,1714964119194,615,null
649,1714964118579,1714964119291,712,null
650,1714964118579,1714964119194,615,null
651,1714964118580,1714964119796,1216,null
652,1714964118582,1714964119158,576,null
653,1714964118600,1714964119194,594,null
654,1714964118600,1714964119748,1148,null
655,1714964118600,1714964119194,594,null
656,1714964118601,1714964119194,593,null
657,1714964118602,1714964119195,593,null
658,1714964118602,1714964119194,592,null
659,1714964118603,1714964119102,499,null
660,1714964118603,1714964119102,499,null
661,1714964118604,1714964119102,498,null
662,1714964118604,1714964119102,498,null
663,1714964118605,1714964119102,497,null
664,1714964118606,1714964119161,555,null
665,1714964118606,1714964119193,587,null
666,1714964118606,1714964119193,587,null
667,1714964118607,1714964119193,586,null
668,1714964118608,1714964119193,585,null
669,1714964118608,1714964119193,585,null
670,1714964118609,1714964119193,584,null
671,1714964118609,1714964119193,584,null
672,1714964118609,1714964119193,584,null
673,1714964118610,1714964119193,583,null
674,1714964118610,1714964119193,583,null
675,1714964118611,1714964119193,582,null
676,1714964118611,1714964119193,582,null
677,1714964118612,1714964119193,581,null
678,1714964118612,1714964119193,581,null
679,1714964118613,1714964119423,810,null
680,1714964118613,1714964119415,802,null
681,1714964118618,1714964119827,1209,null
682,1714964118618,1714964119194,576,null
683,1714964118619,1714964119194,575,null
684,1714964118619,1714964119194,575,null
685,1714964118620,1714964119194,574,null
686,1714964118620,1714964119194,574,null
687,1714964118620,1714964119403,783,null
688,1714964118621,1714964119194,573,null
689,1714964118622,1714964119798,1176,null
690,1714964118622,1714964119464,842,null
691,1714964118623,1714964119467,844,null
692,1714964118623,1714964119496,873,null
693,1714964118623,1714964119516,893,null
694,1714964118624,1714964119526,902,null
695,1714964118624,1714964119531,907,null
696,1714964118624,1714964119553,929,null
697,1714964118625,1714964119590,965,null
698,1714964118625,1714964119194,569,null
699,1714964118625,1714964119623,998,null
700,1714964118626,1714964119333,707,null
701,1714964118626,1714964119414,788,null
702,1714964118626,1714964119194,568,null
703,1714964118627,1714964119335,708,null
704,1714964118627,1714964119211,584,null
705,1714964118627,1714964119369,742,null
706,1714964118628,1714964119324,696,null
707,1714964118628,1714964119389,761,null
708,1714964118629,1714964119361,732,null
709,1714964118629,1714964119251,622,null
710,1714964118629,1714964119373,744,null
711,1714964118630,1714964119386,756,null
712,1714964118630,1714964119433,803,null
713,1714964118630,1714964119194,564,null
714,1714964118631,1714964119194,563,null
715,1714964118632,1714964119283,651,null
716,1714964118632,1714964119260,628,null
717,1714964118632,1714964119296,664,null
718,1714964118633,1714964119328,695,null
719,1714964118633,1714964119194,561,null
720,1714964118633,1714964119194,561,null
721,1714964118654,1714964119512,858,null
722,1714964118655,1714964119505,850,null
723,1714964118655,1714964119525,870,null
724,1714964118656,1714964119537,881,null
725,1714964118656,1714964119544,888,null
726,1714964118656,1714964119588,932,null
727,1714964118658,1714964119194,536,null
728,1714964118658,1714964119575,917,null
729,1714964118658,1714964119608,950,null
730,1714964118658,1714964119624,966,null
731,1714964118659,1714964119305,646,null
732,1714964118659,1714964119642,983,null
733,1714964118659,1714964119635,976,null
734,1714964118659,1714964119643,984,null
735,1714964118659,1714964119651,992,null
736,1714964118660,1714964119689,1029,null
737,1714964118660,1714964119675,1015,null
738,1714964118660,1714964119244,584,null
739,1714964118660,1714964119249,589,null
740,1714964118660,1714964119671,1011,null
741,1714964118660,1714964119647,987,null
742,1714964118660,1714964119716,1056,null
743,1714964118661,1714964119729,1068,null
744,1714964118661,1714964119714,1053,null
745,1714964118661,1714964119729,1068,null
746,1714964118661,1714964119219,558,null
747,1714964118661,1714964119740,1079,null
748,1714964118661,1714964119729,1068,null
749,1714964118661,1714964119741,1080,null
750,1714964118662,1714964119749,1087,null
751,1714964118662,1714964119414,752,null
752,1714964118662,1714964119194,532,null
753,1714964118662,1714964119193,531,null
754,1714964118662,1714964119986,1324,null
755,1714964118883,1714964119985,1102,null
756,1714964118885,1714964119923,1038,null
757,1714964118885,1714964119982,1097,null
758,1714964118886,1714964119985,1099,null
759,1714964118887,1714964119985,1098,null
760,1714964118887,1714964119985,1098,null
761,1714964118888,1714964119985,1097,null
762,1714964118888,1714964119924,1036,null
763,1714964118889,1714964119985,1096,null
764,1714964118889,1714964119985,1096,null
765,1714964118890,1714964119986,1096,null
766,1714964118891,1714964119985,1094,null
767,1714964118891,1714964119985,1094,null
768,1714964118892,1714964119985,1093,null
769,1714964118892,1714964119985,1093,null
770,1714964118893,1714964119985,1092,null
771,1714964118894,1714964119986,1092,null
772,1714964118895,1714964119986,1091,null
773,1714964118895,1714964119985,1090,null
774,1714964118896,1714964119986,1090,null
775,1714964118897,1714964119986,1089,null
776,1714964118897,1714964119986,1089,null
777,1714964118898,1714964119986,1088,null
778,1714964118899,1714964119986,1087,null
779,1714964118900,1714964119986,1086,null
780,1714964118900,1714964119986,1086,null
781,1714964118901,1714964119986,1085,null
782,1714964118902,1714964119868,966,null
783,1714964118902,1714964119985,1083,null
784,1714964119854,1714964119986,132,null
785,1714964119854,1714964119986,132,null
786,1714964119854,1714964119986,132,null
787,1714964119855,1714964119986,131,null
788,1714964119855,1714964119986,131,null
789,1714964119856,1714964119986,130,null
790,1714964119856,1714964119986,130,null
791,1714964119856,1714964119926,70,null
792,1714964119857,1714964119978,121,null
793,1714964119857,1714964119986,129,null
794,1714964119857,1714964119986,129,null
795,1714964119857,1714964119986,129,null
796,1714964119858,1714964120364,506,null
797,1714964119858,1714964119986,128,null
798,1714964119858,1714964120350,492,null
799,1714964119859,1714964120364,505,null
800,1714964119859,1714964119990,131,null
801,1714964119859,1714964120097,238,null
802,1714964119860,1714964120005,145,null
803,1714964119860,1714964120014,154,null
804,1714964119860,1714964119986,126,null
805,1714964119860,1714964120025,165,null
806,1714964119861,1714964120034,173,null
807,1714964119861,1714964120364,503,null
808,1714964119861,1714964120047,186,null
809,1714964119862,1714964120231,369,null
810,1714964119862,1714964120350,488,null
811,1714964119862,1714964120364,502,null
812,1714964119863,1714964120364,501,null
813,1714964119863,1714964120364,501,null
814,1714964119863,1714964120364,501,null
815,1714964119864,1714964120364,500,null
816,1714964119864,1714964120364,500,null
817,1714964119864,1714964120364,500,null
818,1714964119865,1714964120364,499,null
819,1714964119865,1714964120364,499,null
820,1714964119866,1714964120364,498,null
821,1714964119866,1714964120364,498,null
822,1714964119867,1714964120154,287,null
823,1714964119867,1714964120123,256,null
824,1714964119869,1714964120364,495,null
825,1714964119870,1714964120153,283,null
826,1714964119870,1714964120364,494,null
827,1714964119871,1714964120231,360,null
828,1714964119871,1714964120364,493,null
829,1714964119871,1714964120241,370,null
830,1714964119872,1714964120247,375,null
831,1714964119872,1714964120338,466,null
832,1714964119872,1714964120349,477,null
833,1714964119873,1714964120349,476,null
834,1714964119873,1714964120350,477,null
835,1714964119874,1714964119982,108,null
836,1714964119874,1714964119986,112,null
837,1714964119910,1714964119986,76,null
838,1714964119911,1714964120003,92,null
839,1714964119912,1714964120364,452,null
840,1714964119913,1714964120350,437,null
841,1714964119914,1714964120364,450,null
842,1714964119914,1714964120364,450,null
843,1714964119915,1714964120364,449,null
844,1714964119916,1714964120364,448,null
845,1714964119917,1714964120350,433,null
846,1714964119918,1714964120364,446,null
847,1714964119918,1714964120364,446,null
848,1714964119919,1714964119986,67,null
849,1714964119921,1714964119995,74,null
850,1714964119971,1714964120350,379,null
851,1714964119971,1714964120364,393,null
852,1714964119971,1714964120364,393,null
853,1714964119972,1714964120364,392,null
854,1714964119972,1714964120364,392,null
855,1714964119973,1714964120364,391,null
856,1714964119973,1714964120350,377,null
857,1714964119973,1714964120364,391,null
858,1714964120043,1714964120364,321,null
859,1714964120047,1714964120364,317,null
860,1714964120047,1714964120364,317,null
861,1714964120084,1714964120125,41,null
862,1714964120085,1714964120364,279,null
863,1714964120086,1714964120151,65,null
864,1714964120086,1714964120166,80,null
865,1714964120087,1714964120236,149,null
866,1714964120087,1714964120245,158,null
867,1714964120088,1714964120332,244,null
868,1714964120088,1714964120364,276,null
869,1714964120089,1714964120364,275,null
870,1714964120089,1714964120364,275,null
871,1714964120090,1714964120364,274,null
872,1714964120090,1714964120410,320,null
873,1714964120091,1714964120364,273,null
874,1714964120091,1714964120447,356,null
875,1714964120092,1714964120364,272,null
876,1714964120092,1714964120393,301,null
877,1714964120093,1714964120409,316,null
878,1714964120093,1714964120447,354,null
879,1714964120094,1714964120410,316,null
880,1714964120094,1714964120410,316,null
881,1714964120095,1714964120447,352,null
882,1714964120095,1714964120447,352,null
883,1714964120097,1714964120364,267,null
884,1714964120107,1714964120144,37,null
885,1714964120108,1714964120156,48,null
886,1714964120108,1714964120231,123,null
887,1714964120108,1714964120364,256,null
888,1714964120109,1714964120239,130,null
889,1714964120109,1714964120234,125,null
890,1714964120109,1714964120364,255,null
891,1714964120110,1714964120249,139,null
892,1714964120110,1714964120348,238,null
893,1714964120110,1714964120364,254,null
894,1714964120111,1714964120350,239,null
895,1714964120111,1714964120364,253,null
896,1714964120112,1714964120364,252,null
897,1714964120112,1714964120364,252,null
898,1714964120112,1714964120364,252,null
899,1714964120113,1714964120364,251,null
900,1714964120113,1714964120364,251,null
901,1714964120113,1714964120410,297,null
902,1714964120114,1714964120364,250,null
903,1714964120114,1714964120364,250,null
904,1714964120114,1714964120364,250,null
905,1714964120115,1714964120447,332,null
906,1714964120115,1714964120364,249,null
907,1714964120115,1714964120364,249,null
908,1714964120116,1714964120364,248,null
909,1714964120116,1714964120364,248,null
910,1714964120116,1714964120364,248,null
911,1714964120117,1714964120409,292,null
912,1714964120117,1714964120409,292,null
913,1714964120117,1714964120409,292,null
914,1714964120118,1714964120409,291,null
915,1714964120118,1714964120409,291,null
916,1714964120119,1714964120409,290,null
917,1714964120119,1714964120409,290,null
918,1714964120119,1714964120410,291,null
919,1714964120120,1714964120410,290,null
920,1714964120120,1714964120410,290,null
921,1714964120121,1714964120410,289,null
922,1714964120121,1714964120135,14,null
923,1714964120125,1714964120447,322,null
924,1714964120125,1714964120447,322,null
925,1714964120126,1714964120761,635,null
926,1714964120126,1714964120447,321,null
927,1714964120127,1714964120484,357,null
928,1714964120128,1714964120491,363,null
929,1714964120128,1714964120580,452,null
930,1714964120129,1714964120467,338,null
931,1714964120129,1714964120891,762,null
932,1714964120130,1714964120478,348,null
933,1714964120130,1714964120591,461,null
934,1714964120131,1714964120891,760,null
935,1714964120131,1714964120591,460,null
936,1714964120132,1714964120591,459,null
937,1714964120132,1714964120467,335,null
938,1714964120132,1714964120891,759,null
939,1714964120133,1714964120591,458,null
940,1714964120133,1714964120364,231,null
941,1714964120134,1714964120593,459,null
942,1714964120134,1714964120891,757,null
943,1714964120134,1714964120891,757,null
944,1714964120135,1714964120891,756,null
945,1714964120135,1714964120364,229,null
946,1714964120208,1714964120364,156,null
947,1714964120212,1714964120447,235,null
948,1714964120212,1714964120364,152,null
949,1714964120213,1714964120364,151,null
950,1714964120214,1714964120364,150,null
951,1714964120214,1714964120364,150,null
952,1714964120215,1714964120364,149,null
953,1714964120215,1714964120364,149,null
954,1714964120216,1714964120409,193,null
955,1714964120216,1714964120409,193,null
956,1714964120217,1714964120409,192,null
957,1714964120217,1714964120409,192,null
958,1714964120218,1714964120409,191,null
959,1714964120218,1714964120409,191,null
960,1714964120221,1714964120409,188,null
961,1714964120221,1714964120410,189,null
962,1714964120222,1714964120410,188,null
963,1714964120222,1714964120410,188,null
964,1714964120223,1714964120364,141,null
965,1714964120224,1714964120445,221,null
966,1714964120342,1714964120409,67,null
967,1714964120343,1714964120409,66,null
968,1714964120343,1714964120468,125,null
969,1714964120344,1714964120457,113,null
970,1714964120346,1714964120447,101,null
971,1714964120346,1714964120447,101,null
972,1714964120347,1714964120447,100,null
973,1714964120347,1714964120409,62,null
974,1714964120347,1714964120469,122,null
975,1714964120348,1714964120447,99,null
976,1714964120393,1714964120891,498,null
977,1714964120393,1714964120591,198,null
978,1714964120393,1714964120891,498,null
979,1714964120394,1714964120891,497,null
980,1714964120394,1714964120891,497,null
981,1714964120394,1714964120891,497,null
982,1714964120395,1714964120891,496,null
983,1714964120395,1714964120891,496,null
984,1714964120395,1714964120891,496,null
985,1714964120395,1714964120891,496,null
986,1714964120395,1714964120891,496,null
987,1714964120395,1714964120891,496,null
988,1714964120395,1714964120891,496,null
989,1714964120395,1714964120891,496,null
990,1714964120395,1714964120891,496,null
991,1714964120396,1714964120726,330,null
992,1714964120396,1714964120755,359,null
993,1714964120396,1714964120891,495,null
994,1714964120396,1714964120891,495,null
995,1714964120396,1714964120891,495,null
996,1714964120396,1714964120891,495,null
997,1714964120396,1714964120630,234,null
998,1714964120396,1714964120765,369,null
999,1714964120397,1714964120891,494,null
1000,1714964120397,1714964120891,494,null
1001,1714964120397,1714964120891,494,null
1002,1714964120397,1714964120891,494,null
1003,1714964120397,1714964120891,494,null
1004,1714964120397,1714964120891,494,null
1005,1714964120397,1714964120891,494,null
1006,1714964120397,1714964120891,494,null
1007,1714964120397,1714964120891,494,null
1008,1714964120398,1714964120891,493,null
1009,1714964120398,1714964120891,493,null
1010,1714964120398,1714964120891,493,null
1011,1714964120398,1714964120891,493,null
1012,1714964120398,1714964120891,493,null
1013,1714964120398,1714964120891,493,null
1014,1714964120398,1714964120891,493,null
1015,1714964120398,1714964120891,493,null
1016,1714964120398,1714964120891,493,null
1017,1714964120398,1714964120891,493,null
1018,1714964120399,1714964120891,492,null
1019,1714964120399,1714964120891,492,null
1020,1714964120399,1714964120891,492,null
1021,1714964120399,1714964120891,492,null
1022,1714964120399,1714964120891,492,null
1023,1714964120399,1714964120891,492,null
1024,1714964120399,1714964120891,492,null
1025,1714964120399,1714964120891,492,null
1026,1714964120399,1714964120891,492,null
1027,1714964120399,1714964120891,492,null
1028,1714964120400,1714964120891,491,null
1029,1714964120406,1714964120891,485,null
1030,1714964120406,1714964120891,485,null
1031,1714964120406,1714964120891,485,null
1032,1714964120406,1714964120891,485,null
1033,1714964120407,1714964120891,484,null
1034,1714964120468,1714964120891,423,null
1035,1714964120556,1714964120891,335,null
1036,1714964120556,1714964120891,335,null
1037,1714964120557,1714964120891,334,null
1038,1714964120557,1714964120891,334,null
1039,1714964120557,1714964120891,334,null
1040,1714964120557,1714964120891,334,null
1041,1714964120557,1714964120891,334,null
1042,1714964120558,1714964120891,333,null
1043,1714964120558,1714964120891,333,null
1044,1714964120558,1714964120806,248,null
1045,1714964120558,1714964120891,333,null
1046,1714964120559,1714964120891,332,null
1047,1714964120559,1714964120891,332,null
1048,1714964120559,1714964120891,332,null
1049,1714964120642,1714964120891,249,null
1050,1714964120725,1714964120891,166,null
1051,1714964120726,1714964120891,165,null
1052,1714964120732,1714964120891,159,null
1053,1714964120733,1714964120809,76,null
1054,1714964120734,1714964120891,157,null
1055,1714964120734,1714964120891,157,null
1056,1714964120735,1714964121087,352,null
1057,1714964120735,1714964121087,352,null
1058,1714964120736,1714964121088,352,null
1059,1714964120737,1714964121088,351,null
1060,1714964120737,1714964121088,351,null
1061,1714964120738,1714964121520,782,null
1062,1714964120739,1714964121088,349,null
1063,1714964120739,1714964121088,349,null
1064,1714964120740,1714964121088,348,null
1065,1714964120741,1714964121088,347,null
1066,1714964120741,1714964121088,347,null
1067,1714964120742,1714964121521,779,null
1068,1714964120743,1714964121262,519,null
1069,1714964120743,1714964121520,777,null
1070,1714964120744,1714964121286,542,null
1071,1714964120744,1714964120891,147,null
1072,1714964120745,1714964120891,146,null
1073,1714964120760,1714964120891,131,null
1074,1714964120760,1714964120891,131,null
1075,1714964120760,1714964120891,131,null
1076,1714964120761,1714964120891,130,null
1077,1714964120765,1714964120811,46,null
1078,1714964120794,1714964120891,97,null
1079,1714964120795,1714964120891,96,null
1080,1714964120795,1714964120891,96,null
1081,1714964120795,1714964121087,292,null
1082,1714964120796,1714964120891,95,null
1083,1714964120798,1714964121087,289,null
1084,1714964120798,1714964121089,291,null
1085,1714964120799,1714964120891,92,null
1086,1714964120800,1714964120891,91,null
1087,1714964120800,1714964121087,287,null
1088,1714964120801,1714964121087,286,null
1089,1714964120801,1714964121088,287,null
1090,1714964120802,1714964121088,286,null
1091,1714964120802,1714964121088,286,null
1092,1714964120805,1714964121087,282,null
1093,1714964120805,1714964121087,282,null
1094,1714964120808,1714964121087,279,null
1095,1714964120808,1714964121087,279,null
1096,1714964120809,1714964121087,278,null
1097,1714964120809,1714964121263,454,null
1098,1714964120810,1714964121088,278,null
1099,1714964120810,1714964121088,278,null
1100,1714964120811,1714964120891,80,null
1101,1714964120811,1714964120891,80,null
1102,1714964120812,1714964121088,276,null
1103,1714964120825,1714964121088,263,null
1104,1714964120825,1714964121013,188,null
1105,1714964120826,1714964121088,262,null
1106,1714964120836,1714964121265,429,null
1107,1714964120839,1714964121088,249,null
1108,1714964120839,1714964121088,249,null
1109,1714964120852,1714964121267,415,null
1110,1714964120852,1714964121088,236,null
1111,1714964120852,1714964121088,236,null
1112,1714964120852,1714964121088,236,null
1113,1714964120853,1714964121520,667,null
1114,1714964120853,1714964121089,236,null
1115,1714964120853,1714964121520,667,null
1116,1714964120853,1714964121520,667,null
1117,1714964120853,1714964121275,422,null
1118,1714964120853,1714964121280,427,null
1119,1714964120853,1714964121284,431,null
1120,1714964120853,1714964121520,667,null
1121,1714964120853,1714964121291,438,null
1122,1714964120853,1714964121520,667,null
1123,1714964120854,1714964121520,666,null
1124,1714964120854,1714964121520,666,null
1125,1714964120854,1714964121520,666,null
1126,1714964120854,1714964121273,419,null
1127,1714964120854,1714964121520,666,null
1128,1714964120854,1714964121520,666,null
1129,1714964120854,1714964121520,666,null
1130,1714964120854,1714964121520,666,null
1131,1714964120854,1714964121520,666,null
1132,1714964120855,1714964121520,665,null
1133,1714964120855,1714964121520,665,null
1134,1714964120855,1714964121520,665,null
1135,1714964120855,1714964121520,665,null
1136,1714964120855,1714964121520,665,null
1137,1714964120855,1714964121520,665,null
1138,1714964120855,1714964121520,665,null
1139,1714964120855,1714964121520,665,null
1140,1714964120855,1714964121520,665,null
1141,1714964120856,1714964121088,232,null
1142,1714964120884,1714964121520,636,null
1143,1714964120884,1714964121520,636,null
1144,1714964120885,1714964121520,635,null
1145,1714964120885,1714964121520,635,null
1146,1714964120885,1714964121520,635,null
1147,1714964120885,1714964121520,635,null
1148,1714964120885,1714964121521,636,null
1149,1714964120885,1714964121267,382,null
1150,1714964120886,1714964121271,385,null
1151,1714964120886,1714964121521,635,null
1152,1714964120886,1714964121521,635,null
1153,1714964120886,1714964121521,635,null
1154,1714964120886,1714964121521,635,null
1155,1714964120886,1714964121545,659,null
1156,1714964120886,1714964121664,778,null
1157,1714964120890,1714964121521,631,null
1158,1714964120890,1714964121648,758,null
1159,1714964120890,1714964121521,631,null
1160,1714964120890,1714964121521,631,null
1161,1714964120891,1714964121521,630,null
1162,1714964120891,1714964121520,629,null
1163,1714964120891,1714964121647,756,null
1164,1714964120980,1714964121521,541,null
1165,1714964120988,1714964121635,647,null
1166,1714964120988,1714964121521,533,null
1167,1714964120988,1714964121680,692,null
1168,1714964120988,1714964121521,533,null
1169,1714964120988,1714964121680,692,null
1170,1714964120988,1714964121521,533,null
1171,1714964120989,1714964121680,691,null
1172,1714964120989,1714964121521,532,null
1173,1714964120989,1714964121521,532,null
1174,1714964120989,1714964121680,691,null
1175,1714964120989,1714964121520,531,null
1176,1714964120990,1714964121521,531,null
1177,1714964120990,1714964121680,690,null
1178,1714964120990,1714964121277,287,null
1179,1714964120990,1714964121286,296,null
1180,1714964120996,1714964121520,524,null
1181,1714964120996,1714964121520,524,null
1182,1714964120996,1714964121521,525,null
1183,1714964120996,1714964121680,684,null
1184,1714964120996,1714964121680,684,null
1185,1714964120996,1714964121680,684,null
1186,1714964120997,1714964121293,296,null
1187,1714964120997,1714964121521,524,null
1188,1714964120997,1714964121520,523,null
1189,1714964120997,1714964121520,523,null
1190,1714964120997,1714964121662,665,null
1191,1714964121000,1714964121290,290,null
1192,1714964121060,1714964121355,295,null
1193,1714964121062,1714964121520,458,null
1194,1714964121062,1714964121520,458,null
1195,1714964121062,1714964121520,458,null
1196,1714964121062,1714964121520,458,null
1197,1714964121063,1714964121520,457,null
1198,1714964121063,1714964121520,457,null
1199,1714964121063,1714964121520,457,null
1200,1714964121064,1714964121520,456,null
1201,1714964121064,1714964121520,456,null
1202,1714964121064,1714964121520,456,null
1203,1714964121065,1714964121520,455,null
1204,1714964121067,1714964121520,453,null
1205,1714964121069,1714964121520,451,null
1206,1714964121069,1714964121520,451,null
1207,1714964121069,1714964121520,451,null
1208,1714964121069,1714964121520,451,null
1209,1714964121070,1714964121520,450,null
1210,1714964121070,1714964121521,451,null
1211,1714964121070,1714964121521,451,null
1212,1714964121070,1714964121520,450,null
1213,1714964121070,1714964121521,451,null
1214,1714964121070,1714964121268,198,null
1215,1714964121071,1714964121282,211,null
1216,1714964121071,1714964121267,196,null
1217,1714964121141,1714964121520,379,null
1218,1714964121143,1714964121520,377,null
1219,1714964121143,1714964121520,377,null
1220,1714964121144,1714964121520,376,null
1221,1714964121145,1714964121520,375,null
1222,1714964121145,1714964121520,375,null
1223,1714964121146,1714964121520,374,null
1224,1714964121146,1714964121520,374,null
1225,1714964121147,1714964121521,374,null
1226,1714964121148,1714964121521,373,null
1227,1714964121148,1714964121521,373,null
1228,1714964121149,1714964121521,372,null
1229,1714964121150,1714964121521,371,null
1230,1714964121150,1714964121521,371,null
1231,1714964121151,1714964121521,370,null
1232,1714964121151,1714964121521,370,null
1233,1714964121152,1714964121521,369,null
1234,1714964121153,1714964121521,368,null
1235,1714964121153,1714964121521,368,null
1236,1714964121154,1714964121521,367,null
1237,1714964121154,1714964121521,367,null
1238,1714964121155,1714964121520,365,null
1239,1714964121155,1714964121521,366,null
1240,1714964121238,1714964121531,293,null
1241,1714964121239,1714964121680,441,null
1242,1714964121240,1714964121521,281,null
1243,1714964121240,1714964121680,440,null
1244,1714964121241,1714964121521,280,null
1245,1714964121241,1714964121670,429,null
1246,1714964121242,1714964121680,438,null
1247,1714964121243,1714964121680,437,null
1248,1714964121243,1714964121680,437,null
1249,1714964121244,1714964121680,436,null
1250,1714964121244,1714964121680,436,null
1251,1714964121245,1714964121543,298,null
1252,1714964121245,1714964121643,398,null
1253,1714964121246,1714964121680,434,null
1254,1714964121246,1714964121652,406,null
1255,1714964121247,1714964121680,433,null
1256,1714964121247,1714964121680,433,null
1257,1714964121248,1714964121680,432,null
1258,1714964121248,1714964121680,432,null
1259,1714964121249,1714964121680,431,null
1260,1714964121249,1714964121681,432,null
1261,1714964121250,1714964121680,430,null
1262,1714964121250,1714964121521,271,null
1263,1714964121251,1714964121521,270,null
1264,1714964121335,1714964121680,345,null
1265,1714964121336,1714964121680,344,null
1266,1714964121336,1714964121521,185,null
1267,1714964121337,1714964121680,343,null
1268,1714964121338,1714964121667,329,null
1269,1714964121338,1714964121521,183,null
1270,1714964121339,1714964121680,341,null
1271,1714964121340,1714964121521,181,null
1272,1714964121340,1714964121680,340,null
1273,1714964121341,1714964121680,339,null
1274,1714964121342,1714964121688,346,null
1275,1714964121342,1714964121680,338,null
1276,1714964121343,1714964121680,337,null
1277,1714964121344,1714964121657,313,null
1278,1714964121345,1714964121680,335,null
1279,1714964121345,1714964121642,297,null
1280,1714964121346,1714964121680,334,null
1281,1714964121347,1714964121680,333,null
1282,1714964121347,1714964121680,333,null
1283,1714964121348,1714964121680,332,null
1284,1714964121349,1714964121680,331,null
1285,1714964121350,1714964121680,330,null
1286,1714964121350,1714964121680,330,null
1287,1714964121351,1714964121640,289,null
1288,1714964121352,1714964121680,328,null
1289,1714964121353,1714964121680,327,null
1290,1714964121353,1714964121680,327,null
1291,1714964121521,1714964121680,159,null
1292,1714964121521,1714964121680,159,null
1293,1714964121521,1714964121851,330,null
1294,1714964121521,1714964122477,956,null
1295,1714964121521,1714964122477,956,null
1296,1714964121521,1714964121850,329,null
1297,1714964121522,1714964122477,955,null
1298,1714964121522,1714964121850,328,null
1299,1714964121522,1714964121850,328,null
1300,1714964121522,1714964121851,329,null
1301,1714964121522,1714964121850,328,null
1302,1714964121522,1714964122477,955,null
1303,1714964121522,1714964122477,955,null
1304,1714964121522,1714964121851,329,null
1305,1714964121522,1714964121851,329,null
1306,1714964121523,1714964121851,328,null
1307,1714964121523,1714964121851,328,null
1308,1714964121523,1714964122477,954,null
1309,1714964121523,1714964121851,328,null
1310,1714964121523,1714964121851,328,null
1311,1714964121523,1714964121851,328,null
1312,1714964121523,1714964121851,328,null
1313,1714964121523,1714964121851,328,null
1314,1714964121523,1714964122477,954,null
1315,1714964121523,1714964122478,955,null
1316,1714964121524,1714964121851,327,null
1317,1714964121524,1714964122477,953,null
1318,1714964121524,1714964122477,953,null
1319,1714964121524,1714964122477,953,null
1320,1714964121524,1714964122477,953,null
1321,1714964121524,1714964121913,389,null
1322,1714964121525,1714964122478,953,null
1323,1714964121525,1714964122477,952,null
1324,1714964121525,1714964122477,952,null
1325,1714964121525,1714964122477,952,null
1326,1714964121525,1714964122477,952,null
1327,1714964121525,1714964122477,952,null
1328,1714964121525,1714964122478,953,null
1329,1714964121526,1714964122477,951,null
1330,1714964121526,1714964122477,951,null
1331,1714964121526,1714964122477,951,null
1332,1714964121526,1714964122477,951,null
1333,1714964121526,1714964122477,951,null
1334,1714964121526,1714964122477,951,null
1335,1714964121527,1714964122478,951,null
1336,1714964121527,1714964122478,951,null
1337,1714964121527,1714964121851,324,null
1338,1714964121527,1714964122477,950,null
1339,1714964121527,1714964121851,324,null
1340,1714964121527,1714964122478,951,null
1341,1714964121527,1714964122066,539,null
1342,1714964121527,1714964121851,324,null
1343,1714964121528,1714964121850,322,null
1344,1714964121528,1714964121850,322,null
1345,1714964121528,1714964122477,949,null
1346,1714964121528,1714964122478,950,null
1347,1714964121528,1714964121851,323,null
1348,1714964121528,1714964121851,323,null
1349,1714964121528,1714964121851,323,null
1350,1714964121529,1714964121851,322,null
1351,1714964121529,1714964121851,322,null
1352,1714964121529,1714964121851,322,null
1353,1714964121529,1714964121851,322,null
1354,1714964121529,1714964122084,555,null
1355,1714964121529,1714964121851,322,null
1356,1714964121529,1714964121851,322,null
1357,1714964121530,1714964121851,321,null
1358,1714964121530,1714964121851,321,null
1359,1714964121530,1714964121851,321,null
1360,1714964121530,1714964121851,321,null
1361,1714964121530,1714964121671,141,null
1362,1714964121530,1714964121850,320,null
1363,1714964121530,1714964121850,320,null
1364,1714964121531,1714964121851,320,null
1365,1714964121531,1714964121852,321,null
1366,1714964121531,1714964121851,320,null
1367,1714964121611,1714964122477,866,null
1368,1714964121611,1714964122478,867,null
1369,1714964121611,1714964122478,867,null
1370,1714964121612,1714964122176,564,null
1371,1714964121612,1714964122477,865,null
1372,1714964121612,1714964122477,865,null
1373,1714964121612,1714964122477,865,null
1374,1714964121613,1714964122477,864,null
1375,1714964121613,1714964122477,864,null
1376,1714964121613,1714964122477,864,null
1377,1714964121614,1714964122080,466,null
1378,1714964121614,1714964122477,863,null
1379,1714964121614,1714964122477,863,null
1380,1714964121614,1714964122477,863,null
1381,1714964121614,1714964122477,863,null
1382,1714964121615,1714964122477,862,null
1383,1714964121615,1714964122477,862,null
1384,1714964121615,1714964122477,862,null
1385,1714964121615,1714964122477,862,null
1386,1714964121620,1714964122477,857,null
1387,1714964121620,1714964122478,858,null
1388,1714964121621,1714964122478,857,null
1389,1714964121621,1714964122478,857,null
1390,1714964121621,1714964122070,449,null
1391,1714964121621,1714964122477,856,null
1392,1714964121621,1714964122086,465,null
1393,1714964121621,1714964122477,856,null
1394,1714964121622,1714964122477,855,null
1395,1714964121622,1714964122478,856,null
1396,1714964121622,1714964122477,855,null
1397,1714964121622,1714964122478,856,null
1398,1714964121622,1714964122477,855,null
1399,1714964121622,1714964122477,855,null
1400,1714964121622,1714964122477,855,null
1401,1714964121623,1714964121662,39,null
1402,1714964121663,1714964121851,188,null
1403,1714964121663,1714964121850,187,null
1404,1714964121663,1714964121851,188,null
1405,1714964121663,1714964122477,814,null
1406,1714964121664,1714964121851,187,null
1407,1714964121665,1714964122478,813,null
1408,1714964121665,1714964122477,812,null
1409,1714964121665,1714964122478,813,null
1410,1714964121666,1714964122477,811,null
1411,1714964121666,1714964122477,811,null
1412,1714964121667,1714964122477,810,null
1413,1714964121667,1714964122477,810,null
1414,1714964121667,1714964122477,810,null
1415,1714964121668,1714964122477,809,null
1416,1714964121668,1714964122477,809,null
1417,1714964121668,1714964122477,809,null
1418,1714964121669,1714964122477,808,null
1419,1714964121669,1714964122477,808,null
1420,1714964121669,1714964122477,808,null
1421,1714964121670,1714964122080,410,null
1422,1714964121670,1714964122477,807,null
1423,1714964121843,1714964122477,634,null
1424,1714964121844,1714964122477,633,null
1425,1714964121845,1714964122477,632,null
1426,1714964121845,1714964122477,632,null
1427,1714964121846,1714964122477,631,null
1428,1714964121846,1714964122477,631,null
1429,1714964121847,1714964122477,630,null
1430,1714964121847,1714964122477,630,null
1431,1714964121848,1714964122477,629,null
1432,1714964121908,1714964122082,174,null
1433,1714964121908,1714964122477,569,null
1434,1714964121970,1714964122478,508,null
1435,1714964121970,1714964122478,508,null
1436,1714964121971,1714964122478,507,null
1437,1714964121971,1714964122478,507,null
1438,1714964121972,1714964122478,506,null
1439,1714964121972,1714964122478,506,null
1440,1714964121973,1714964122478,505,null
1441,1714964121973,1714964122477,504,null
1442,1714964121974,1714964122478,504,null
1443,1714964121974,1714964122477,503,null
1444,1714964121975,1714964122477,502,null
1445,1714964121975,1714964122477,502,null
1446,1714964121975,1714964122478,503,null
1447,1714964121976,1714964122478,502,null
1448,1714964121976,1714964122478,502,null
1449,1714964121977,1714964122478,501,null
1450,1714964121977,1714964122478,501,null
1451,1714964121978,1714964122821,843,null
1452,1714964121978,1714964122478,500,null
1453,1714964121979,1714964122821,842,null
1454,1714964121979,1714964122477,498,null
1455,1714964121980,1714964122477,497,null
1456,1714964121980,1714964122821,841,null
1457,1714964121981,1714964122478,497,null
1458,1714964121981,1714964122821,840,null
1459,1714964121982,1714964122822,840,null
1460,1714964121982,1714964122478,496,null
1461,1714964121983,1714964122821,838,null
1462,1714964121983,1714964122478,495,null
1463,1714964121984,1714964122478,494,null
1464,1714964121984,1714964122821,837,null
1465,1714964121985,1714964122478,493,null
1466,1714964121985,1714964122821,836,null
1467,1714964121986,1714964122478,492,null
1468,1714964121986,1714964122478,492,null
1469,1714964121986,1714964122812,826,null
1470,1714964121987,1714964122820,833,null
1471,1714964121987,1714964122820,833,null
1472,1714964121988,1714964122738,750,null
1473,1714964121988,1714964122478,490,null
1474,1714964122069,1714964122478,409,null
1475,1714964122070,1714964122478,408,null
1476,1714964122070,1714964122478,408,null
1477,1714964122071,1714964122477,406,null
1478,1714964122072,1714964122477,405,null
1479,1714964122072,1714964122821,749,null
1480,1714964122073,1714964122736,663,null
1481,1714964122074,1714964122821,747,null
1482,1714964122075,1714964122821,746,null
1483,1714964122076,1714964122821,745,null
1484,1714964122077,1714964122821,744,null
1485,1714964122078,1714964122478,400,null
1486,1714964122078,1714964122478,400,null
1487,1714964122124,1714964122820,696,null
1488,1714964122124,1714964122820,696,null
1489,1714964122124,1714964122820,696,null
1490,1714964122124,1714964122820,696,null
1491,1714964122125,1714964122820,695,null
1492,1714964122125,1714964122820,695,null
1493,1714964122125,1714964122820,695,null
1494,1714964122125,1714964122820,695,null
1495,1714964122125,1714964122820,695,null
1496,1714964122125,1714964122821,696,null
1497,1714964122125,1714964122478,353,null
1498,1714964122125,1714964122478,353,null
1499,1714964122125,1714964122478,353,null
1500,1714964122125,1714964122821,696,null
1501,1714964122126,1714964122478,352,null
1502,1714964122126,1714964122820,694,null
1503,1714964122126,1714964122820,694,null
1504,1714964122126,1714964122820,694,null
1505,1714964122126,1714964122820,694,null
1506,1714964122126,1714964122820,694,null
1507,1714964122126,1714964122820,694,null
1508,1714964122126,1714964122820,694,null
1509,1714964122126,1714964122820,694,null
1510,1714964122127,1714964122820,693,null
1511,1714964122127,1714964122820,693,null
1512,1714964122127,1714964122820,693,null
1513,1714964122127,1714964122478,351,null
1514,1714964122127,1714964122820,693,null
1515,1714964122127,1714964122820,693,null
1516,1714964122127,1714964122820,693,null
1517,1714964122127,1714964122820,693,null
1518,1714964122127,1714964122820,693,null
1519,1714964122128,1714964122820,692,null
1520,1714964122128,1714964122820,692,null
1521,1714964122128,1714964122821,693,null
1522,1714964122128,1714964122820,692,null
1523,1714964122128,1714964122820,692,null
1524,1714964122128,1714964122821,693,null
1525,1714964122128,1714964122820,692,null
1526,1714964122128,1714964122478,350,null
1527,1714964122129,1714964122821,692,null
1528,1714964122129,1714964122820,691,null
1529,1714964122129,1714964122493,364,null
1530,1714964122129,1714964122820,691,null
1531,1714964122129,1714964122820,691,null
1532,1714964122129,1714964122820,691,null
1533,1714964122129,1714964122820,691,null
1534,1714964122130,1714964122820,690,null
1535,1714964122130,1714964122478,348,null
1536,1714964122130,1714964122820,690,null
1537,1714964122130,1714964122820,690,null
1538,1714964122130,1714964122820,690,null
1539,1714964122130,1714964122820,690,null
1540,1714964122130,1714964122820,690,null
1541,1714964122130,1714964122820,690,null
1542,1714964122130,1714964122820,690,null
1543,1714964122131,1714964122820,689,null
1544,1714964122131,1714964122820,689,null
1545,1714964122131,1714964122820,689,null
1546,1714964122131,1714964122821,690,null
1547,1714964122131,1714964122820,689,null
1548,1714964122131,1714964122821,690,null
1549,1714964122131,1714964122820,689,null
1550,1714964122131,1714964122820,689,null
1551,1714964122131,1714964122820,689,null
1552,1714964122131,1714964122820,689,null
1553,1714964122132,1714964122820,688,null
1554,1714964122132,1714964122820,688,null
1555,1714964122132,1714964122820,688,null
1556,1714964122132,1714964122820,688,null
1557,1714964122132,1714964122820,688,null
1558,1714964122132,1714964122820,688,null
1559,1714964122132,1714964122821,689,null
1560,1714964122133,1714964122820,687,null
1561,1714964122133,1714964122820,687,null
1562,1714964122133,1714964122820,687,null
1563,1714964122133,1714964122821,688,null
1564,1714964122133,1714964122820,687,null
1565,1714964122142,1714964122821,679,null
1566,1714964122142,1714964122821,679,null
1567,1714964122142,1714964122821,679,null
1568,1714964122143,1714964122820,677,null
1569,1714964122143,1714964122821,678,null
1570,1714964122143,1714964122821,678,null
1571,1714964122143,1714964122821,678,null
1572,1714964122143,1714964122821,678,null
1573,1714964122143,1714964122821,678,null
1574,1714964122143,1714964122821,678,null
1575,1714964122143,1714964122478,335,null
1576,1714964122144,1714964122478,334,null
1577,1714964122144,1714964122478,334,null
1578,1714964122144,1714964122495,351,null
1579,1714964122144,1714964122478,334,null
1580,1714964122144,1714964122820,676,null
1581,1714964122144,1714964122820,676,null
1582,1714964122144,1714964122821,677,null
1583,1714964122144,1714964122820,676,null
1584,1714964122145,1714964122821,676,null
1585,1714964122145,1714964122820,675,null
1586,1714964122145,1714964122820,675,null
1587,1714964122145,1714964122820,675,null
1588,1714964122145,1714964122820,675,null
1589,1714964122145,1714964122820,675,null
1590,1714964122145,1714964122820,675,null
1591,1714964122145,1714964122820,675,null
1592,1714964122145,1714964122820,675,null
1593,1714964122146,1714964122820,674,null
1594,1714964122146,1714964122821,675,null
1595,1714964122146,1714964122820,674,null
1596,1714964122146,1714964122820,674,null
1597,1714964122146,1714964122820,674,null
1598,1714964122146,1714964122820,674,null
1599,1714964122146,1714964122821,675,null
1600,1714964122146,1714964122821,675,null
1601,1714964122146,1714964122478,332,null
1602,1714964122147,1714964122821,674,null
1603,1714964122147,1714964122821,674,null
1604,1714964122147,1714964122478,331,null
1605,1714964122147,1714964122821,674,null
1606,1714964122147,1714964122572,425,null
1607,1714964122147,1714964122820,673,null
1608,1714964122147,1714964122820,673,null
1609,1714964122147,1714964122820,673,null
1610,1714964122147,1714964122820,673,null
1611,1714964122148,1714964122821,673,null
1612,1714964122193,1714964122822,629,null
1613,1714964122193,1714964122822,629,null
1614,1714964122193,1714964122821,628,null
1615,1714964122193,1714964122733,540,null
1616,1714964122193,1714964122822,629,null
1617,1714964122194,1714964122821,627,null
1618,1714964122194,1714964122822,628,null
1619,1714964122194,1714964122822,628,null
1620,1714964122194,1714964122822,628,null
1621,1714964122194,1714964122822,628,null
1622,1714964122194,1714964122820,626,null
1623,1714964122194,1714964122822,628,null
1624,1714964122197,1714964122822,625,null
1625,1714964122197,1714964122822,625,null
1626,1714964122197,1714964122822,625,null
1627,1714964122197,1714964122821,624,null
1628,1714964122197,1714964122821,624,null
1629,1714964122198,1714964122821,623,null
1630,1714964122198,1714964122821,623,null
1631,1714964122198,1714964122822,624,null
1632,1714964122198,1714964122822,624,null
1633,1714964122198,1714964122822,624,null
1634,1714964122198,1714964122822,624,null
1635,1714964122198,1714964122822,624,null
1636,1714964122198,1714964122822,624,null
1637,1714964122198,1714964122821,623,null
1638,1714964122199,1714964122822,623,null
1639,1714964122199,1714964122822,623,null
1640,1714964122199,1714964122822,623,null
1641,1714964122199,1714964122822,623,null
1642,1714964122199,1714964122822,623,null
1643,1714964122199,1714964122821,622,null
1644,1714964122199,1714964122822,623,null
1645,1714964122199,1714964122821,622,null
1646,1714964122199,1714964122822,623,null
1647,1714964122199,1714964122822,623,null
1648,1714964122200,1714964122822,622,null
1649,1714964122200,1714964122822,622,null
1650,1714964122200,1714964122822,622,null
1651,1714964122200,1714964122822,622,null
1652,1714964122200,1714964122822,622,null
1653,1714964122200,1714964122820,620,null
1654,1714964122200,1714964122822,622,null
1655,1714964122200,1714964122822,622,null
1656,1714964122201,1714964122822,621,null
1657,1714964122201,1714964122822,621,null
1658,1714964122201,1714964122822,621,null
1659,1714964122201,1714964122822,621,null
1660,1714964122201,1714964122822,621,null
1661,1714964122201,1714964122822,621,null
1662,1714964122201,1714964122822,621,null
1663,1714964122201,1714964122822,621,null
1664,1714964122201,1714964122822,621,null
1665,1714964122201,1714964122822,621,null
1666,1714964122202,1714964122821,619,null
1667,1714964122202,1714964122822,620,null
1668,1714964122202,1714964122821,619,null
1669,1714964122202,1714964122822,620,null
1670,1714964122468,1714964122822,354,null
1671,1714964122585,1714964122822,237,null
1672,1714964122740,1714964122822,82,null
1673,1714964122740,1714964122822,82,null
1674,1714964122740,1714964122822,82,null
1675,1714964122740,1714964122822,82,null
1676,1714964122741,1714964122822,81,null
1677,1714964122741,1714964122965,224,null
1678,1714964122741,1714964122822,81,null
1679,1714964122741,1714964122995,254,null
1680,1714964122741,1714964122947,206,null
1681,1714964122742,1714964122947,205,null
1682,1714964122742,1714964122980,238,null
1683,1714964122742,1714964122822,80,null
1684,1714964122742,1714964122947,205,null
1685,1714964122742,1714964122944,202,null
1686,1714964122743,1714964122947,204,null
1687,1714964122743,1714964123039,296,null
1688,1714964122743,1714964122993,250,null
1689,1714964122743,1714964123003,260,null
1690,1714964122743,1714964122822,79,null
1691,1714964122744,1714964122820,76,null
1692,1714964122770,1714964122947,177,null
1693,1714964122770,1714964123003,233,null
1694,1714964122771,1714964122983,212,null
1695,1714964122772,1714964123003,231,null
1696,1714964122772,1714964123022,250,null
1697,1714964122773,1714964123139,366,null
1698,1714964122774,1714964123052,278,null
1699,1714964122774,1714964123134,360,null
1700,1714964122775,1714964123144,369,null
1701,1714964122776,1714964123137,361,null
1702,1714964122776,1714964123160,384,null
1703,1714964122777,1714964123141,364,null
1704,1714964122777,1714964123164,387,null
1705,1714964122778,1714964123169,391,null
1706,1714964122778,1714964123142,364,null
1707,1714964122779,1714964123146,367,null
1708,1714964122779,1714964123162,383,null
1709,1714964122780,1714964123169,389,null
1710,1714964122781,1714964124102,1321,null
1711,1714964122781,1714964123144,363,null
1712,1714964122782,1714964123556,774,null
1713,1714964122782,1714964123491,709,null
1714,1714964122783,1714964123556,773,null
1715,1714964122783,1714964122822,39,null
1716,1714964122784,1714964123137,353,null
1717,1714964122785,1714964122944,159,null
1718,1714964122800,1714964122971,171,null
1719,1714964122801,1714964122989,188,null
1720,1714964122801,1714964123005,204,null
1721,1714964122802,1714964123136,334,null
1722,1714964122803,1714964123137,334,null
1723,1714964122803,1714964123142,339,null
1724,1714964122804,1714964123144,340,null
1725,1714964122805,1714964123166,361,null
1726,1714964122805,1714964123556,751,null
1727,1714964122806,1714964123491,685,null
1728,1714964122806,1714964123556,750,null
1729,1714964122807,1714964123556,749,null
1730,1714964122807,1714964123556,749,null
1731,1714964122808,1714964123556,748,null
1732,1714964122808,1714964123556,748,null
1733,1714964122809,1714964123556,747,null
1734,1714964122809,1714964123556,747,null
1735,1714964122810,1714964123557,747,null
1736,1714964122811,1714964123556,745,null
1737,1714964122811,1714964123317,506,null
1738,1714964122811,1714964123556,745,null
1739,1714964122812,1714964123601,789,null
1740,1714964122812,1714964123556,744,null
1741,1714964122813,1714964123556,743,null
1742,1714964122813,1714964123556,743,null
1743,1714964122814,1714964123496,682,null
1744,1714964122814,1714964123556,742,null
1745,1714964122815,1714964123556,741,null
1746,1714964122815,1714964123556,741,null
1747,1714964122816,1714964123556,740,null
1748,1714964122816,1714964123556,740,null
1749,1714964122817,1714964123556,739,null
1750,1714964122818,1714964122947,129,null
1751,1714964122818,1714964123003,185,null
1752,1714964122819,1714964123311,492,null
1753,1714964122876,1714964123556,680,null
1754,1714964122876,1714964123556,680,null
1755,1714964122876,1714964123489,613,null
1756,1714964122876,1714964123557,681,null
1757,1714964122876,1714964123556,680,null
1758,1714964122876,1714964123556,680,null
1759,1714964122876,1714964123556,680,null
1760,1714964122877,1714964123556,679,null
1761,1714964122877,1714964123556,679,null
1762,1714964122877,1714964123556,679,null
1763,1714964122877,1714964123556,679,null
1764,1714964122877,1714964123556,679,null
1765,1714964122877,1714964123313,436,null
1766,1714964122877,1714964123557,680,null
1767,1714964122877,1714964123601,724,null
1768,1714964122877,1714964123557,680,null
1769,1714964122878,1714964123491,613,null
1770,1714964122878,1714964123556,678,null
1771,1714964122878,1714964123556,678,null
1772,1714964122878,1714964123557,679,null
1773,1714964122878,1714964123556,678,null
1774,1714964122878,1714964123556,678,null
1775,1714964122878,1714964123556,678,null
1776,1714964122879,1714964123556,677,null
1777,1714964122879,1714964123556,677,null
1778,1714964122879,1714964123556,677,null
1779,1714964122879,1714964123556,677,null
1780,1714964122879,1714964123556,677,null
1781,1714964122879,1714964123556,677,null
1782,1714964122879,1714964123556,677,null
1783,1714964122880,1714964123556,676,null
1784,1714964122880,1714964123556,676,null
1785,1714964122880,1714964123556,676,null
1786,1714964122880,1714964123556,676,null
1787,1714964122880,1714964123556,676,null
1788,1714964122880,1714964123556,676,null
1789,1714964122880,1714964123556,676,null
1790,1714964122881,1714964123556,675,null
1791,1714964122881,1714964123556,675,null
1792,1714964122881,1714964123556,675,null
1793,1714964122881,1714964123556,675,null
1794,1714964122881,1714964123556,675,null
1795,1714964122881,1714964123556,675,null
1796,1714964122881,1714964123556,675,null
1797,1714964122882,1714964123556,674,null
1798,1714964122882,1714964123557,675,null
1799,1714964122882,1714964123557,675,null
1800,1714964122882,1714964123557,675,null
1801,1714964122882,1714964123557,675,null
1802,1714964122882,1714964123556,674,null
1803,1714964122882,1714964123316,434,null
1804,1714964122882,1714964123557,675,null
1805,1714964122965,1714964123556,591,null
1806,1714964122966,1714964123556,590,null
1807,1714964122966,1714964123556,590,null
1808,1714964122966,1714964123488,522,null
1809,1714964122966,1714964123556,590,null
1810,1714964122966,1714964123601,635,null
1811,1714964122966,1714964123556,590,null
1812,1714964122966,1714964123493,527,null
1813,1714964122967,1714964123555,588,null
1814,1714964122967,1714964123556,589,null
1815,1714964122967,1714964123556,589,null
1816,1714964122967,1714964123556,589,null
1817,1714964122968,1714964123556,588,null
1818,1714964122968,1714964123556,588,null
1819,1714964122968,1714964123556,588,null
1820,1714964122968,1714964123556,588,null
1821,1714964122968,1714964123556,588,null
1822,1714964122972,1714964123556,584,null
1823,1714964122972,1714964123491,519,null
1824,1714964122973,1714964123556,583,null
1825,1714964122973,1714964123556,583,null
1826,1714964122973,1714964123556,583,null
1827,1714964122974,1714964123556,582,null
1828,1714964122975,1714964123556,581,null
1829,1714964122975,1714964123556,581,null
1830,1714964122976,1714964123556,580,null
1831,1714964123053,1714964123556,503,null
1832,1714964123054,1714964123556,502,null
1833,1714964123054,1714964123556,502,null
1834,1714964123054,1714964123556,502,null
1835,1714964123054,1714964123556,502,null
1836,1714964123054,1714964123556,502,null
1837,1714964123054,1714964123556,502,null
1838,1714964123054,1714964123556,502,null
1839,1714964123054,1714964123556,502,null
1840,1714964123055,1714964123556,501,null
1841,1714964123055,1714964123556,501,null
1842,1714964123055,1714964123498,443,null
1843,1714964123055,1714964123601,546,null
1844,1714964123055,1714964123601,546,null
1845,1714964123055,1714964123608,553,null
1846,1714964123055,1714964123607,552,null
1847,1714964123055,1714964123628,573,null
1848,1714964123055,1714964123832,777,null
1849,1714964123055,1714964123688,633,null
1850,1714964123056,1714964123832,776,null
1851,1714964123056,1714964123832,776,null
1852,1714964123056,1714964124102,1046,null
1853,1714964123056,1714964123831,775,null
1854,1714964123056,1714964123831,775,null
1855,1714964123056,1714964123832,776,null
1856,1714964123056,1714964123832,776,null
1857,1714964123056,1714964124065,1009,null
1858,1714964123056,1714964123832,776,null
1859,1714964123057,1714964123832,775,null
1860,1714964123057,1714964123698,641,null
1861,1714964123057,1714964123701,644,null
1862,1714964123057,1714964123709,652,null
1863,1714964123057,1714964123727,670,null
1864,1714964123057,1714964123738,681,null
1865,1714964123057,1714964123741,684,null
1866,1714964123057,1714964123831,774,null
1867,1714964123057,1714964123831,774,null
1868,1714964123057,1714964123832,775,null
1869,1714964123058,1714964123832,774,null
1870,1714964123058,1714964124049,991,null
1871,1714964123058,1714964123832,774,null
1872,1714964123058,1714964123629,571,null
1873,1714964123058,1714964123831,773,null
1874,1714964123058,1714964123831,773,null
1875,1714964123058,1714964123557,499,null
1876,1714964123058,1714964123832,774,null
1877,1714964123058,1714964123663,605,null
1878,1714964123058,1714964123832,774,null
1879,1714964123059,1714964123832,773,null
1880,1714964123061,1714964123683,622,null
1881,1714964123061,1714964123698,637,null
1882,1714964123061,1714964123832,771,null
1883,1714964123062,1714964123718,656,null
1884,1714964123062,1714964123721,659,null
1885,1714964123062,1714964123736,674,null
1886,1714964123062,1714964123826,764,null
1887,1714964123062,1714964123832,770,null
1888,1714964123062,1714964123832,770,null
1889,1714964123062,1714964123832,770,null
1890,1714964123063,1714964123831,768,null
1891,1714964123063,1714964123603,540,null
1892,1714964123063,1714964124102,1039,null
1893,1714964123063,1714964123832,769,null
1894,1714964123063,1714964123832,769,null
1895,1714964123063,1714964123832,769,null
1896,1714964123063,1714964123832,769,null
1897,1714964123064,1714964123832,768,null
1898,1714964123064,1714964124102,1038,null
1899,1714964123064,1714964123832,768,null
1900,1714964123064,1714964124102,1038,null
1901,1714964123064,1714964123832,768,null
1902,1714964123064,1714964124102,1038,null
1903,1714964123064,1714964124020,956,null
1904,1714964123065,1714964124102,1037,null
1905,1714964123065,1714964124085,1020,null
1906,1714964123065,1714964124102,1037,null
1907,1714964123065,1714964123976,911,null
1908,1714964123065,1714964124102,1037,null
1909,1714964123065,1714964124047,982,null
1910,1714964123065,1714964123556,491,null
1911,1714964123066,1714964123500,434,null
1912,1714964123185,1714964124102,917,null
1913,1714964123263,1714964124102,839,null
1914,1714964123263,1714964124102,839,null
1915,1714964123263,1714964124102,839,null
1916,1714964123264,1714964124102,838,null
1917,1714964123264,1714964124102,838,null
1918,1714964123265,1714964124102,837,null
1919,1714964123265,1714964124102,837,null
1920,1714964123265,1714964124102,837,null
1921,1714964123266,1714964124102,836,null
1922,1714964123266,1714964124102,836,null
1923,1714964123267,1714964124045,778,null
1924,1714964123267,1714964123556,289,null
1925,1714964123268,1714964124105,837,null
1926,1714964123476,1714964123601,125,null
1927,1714964123477,1714964123601,124,null
1928,1714964123477,1714964123601,124,null
1929,1714964123478,1714964123601,123,null
1930,1714964123479,1714964123601,122,null
1931,1714964123479,1714964123630,151,null
1932,1714964123480,1714964123831,351,null
1933,1714964123481,1714964123832,351,null
1934,1714964123481,1714964123832,351,null
1935,1714964123482,1714964123832,350,null
1936,1714964123482,1714964123832,350,null
1937,1714964123483,1714964124102,619,null
1938,1714964123483,1714964123832,349,null
1939,1714964123484,1714964123831,347,null
1940,1714964123485,1714964123832,347,null
1941,1714964123485,1714964124102,617,null
1942,1714964123486,1714964123832,346,null
1943,1714964123487,1714964123832,345,null
1944,1714964123487,1714964123860,373,null
1945,1714964123488,1714964124097,609,null
1946,1714964123488,1714964124102,614,null
1947,1714964123489,1714964124102,613,null
1948,1714964123489,1714964123972,483,null
1949,1714964123490,1714964124102,612,null
1950,1714964123490,1714964124102,612,null
1951,1714964123491,1714964123601,110,null
1952,1714964123491,1714964123629,138,null
1953,1714964123502,1714964123601,99,null
1954,1714964123502,1714964123601,99,null
1955,1714964123564,1714964124102,538,null
1956,1714964123763,1714964124102,339,null
1957,1714964123763,1714964124102,339,null
1958,1714964123764,1714964124102,338,null
1959,1714964123765,1714964124102,337,null
1960,1714964123765,1714964124022,257,null
1961,1714964123765,1714964124102,337,null
1962,1714964123767,1714964124102,335,null
1963,1714964123767,1714964124102,335,null
1964,1714964123768,1714964124102,334,null
1965,1714964123768,1714964124102,334,null
1966,1714964123769,1714964124102,333,null
1967,1714964123770,1714964124102,332,null
1968,1714964123771,1714964123856,85,null
1969,1714964123771,1714964123970,199,null
1970,1714964123772,1714964124026,254,null
1971,1714964123773,1714964124102,329,null
1972,1714964123773,1714964124086,313,null
1973,1714964123774,1714964124102,328,null
1974,1714964123775,1714964124103,328,null
1975,1714964123892,1714964124102,210,null
1976,1714964123893,1714964124102,209,null
1977,1714964123894,1714964124102,208,null
1978,1714964123894,1714964124102,208,null
1979,1714964123894,1714964124103,209,null
1980,1714964123894,1714964124102,208,null
1981,1714964123894,1714964124102,208,null
1982,1714964123895,1714964124102,207,null
1983,1714964123895,1714964124102,207,null
1984,1714964123895,1714964124102,207,null
1985,1714964123895,1714964124102,207,null
1986,1714964123895,1714964124102,207,null
1987,1714964123896,1714964124103,207,null
1988,1714964123904,1714964124102,198,null
1989,1714964123904,1714964124102,198,null
1990,1714964123978,1714964124103,125,null
1991,1714964123995,1714964124102,107,null
1992,1714964123995,1714964124292,297,null
1993,1714964123996,1714964124436,440,null
1994,1714964123996,1714964124436,440,null
1995,1714964123996,1714964124436,440,null
1996,1714964123997,1714964124437,440,null
1997,1714964123997,1714964124436,439,null
1998,1714964123997,1714964124436,439,null
1999,1714964123998,1714964124436,438,null
2000,1714964123998,1714964124436,438,null
2001,1714964123998,1714964124436,438,null
2002,1714964123999,1714964124436,437,null
2003,1714964123999,1714964124436,437,null
2004,1714964124000,1714964124436,436,null
2005,1714964124002,1714964124436,434,null
2006,1714964124002,1714964124436,434,null
2007,1714964124002,1714964124436,434,null
2008,1714964124003,1714964124436,433,null
2009,1714964124003,1714964124436,433,null
2010,1714964124004,1714964124311,307,null
2011,1714964124004,1714964124437,433,null
2012,1714964124004,1714964124436,432,null
2013,1714964124005,1714964124436,431,null
2014,1714964124005,1714964124669,664,null
2015,1714964124005,1714964124437,432,null
2016,1714964124006,1714964124900,894,null
2017,1714964124006,1714964124490,484,null
2018,1714964124007,1714964124490,483,null
2019,1714964124007,1714964124899,892,null
2020,1714964124007,1714964124900,893,null
2021,1714964124008,1714964124899,891,null
2022,1714964124008,1714964124580,572,null
2023,1714964124008,1714964124900,892,null
2024,1714964124009,1714964124899,890,null
2025,1714964124009,1714964124670,661,null
2026,1714964124010,1714964124900,890,null
2027,1714964124010,1714964124900,890,null
2028,1714964124010,1714964124900,890,null
2029,1714964124011,1714964124900,889,null
2030,1714964124011,1714964124900,889,null
2031,1714964124011,1714964124102,91,null
2032,1714964124012,1714964124108,96,null
2033,1714964124052,1714964124436,384,null
2034,1714964124052,1714964124436,384,null
2035,1714964124053,1714964124437,384,null
2036,1714964124053,1714964124436,383,null
2037,1714964124053,1714964124436,383,null
2038,1714964124054,1714964124436,382,null
2039,1714964124054,1714964124436,382,null
2040,1714964124054,1714964124436,382,null
2041,1714964124055,1714964124436,381,null
2042,1714964124055,1714964124436,381,null
2043,1714964124056,1714964124099,43,null
2044,1714964124065,1714964124101,36,null
2045,1714964124065,1714964124436,371,null
2046,1714964124065,1714964124436,371,null
2047,1714964124065,1714964124289,224,null
2048,1714964124065,1714964124436,371,null
2049,1714964124065,1714964124436,371,null
2050,1714964124065,1714964124436,371,null
2051,1714964124066,1714964124437,371,null
2052,1714964124066,1714964124436,370,null
2053,1714964124066,1714964124436,370,null
2054,1714964124066,1714964124437,371,null
2055,1714964124066,1714964124436,370,null
2056,1714964124066,1714964124436,370,null
2057,1714964124066,1714964124436,370,null
2058,1714964124066,1714964124436,370,null
2059,1714964124066,1714964124436,370,null
2060,1714964124067,1714964124436,369,null
2061,1714964124067,1714964124436,369,null
2062,1714964124067,1714964124436,369,null
2063,1714964124067,1714964124436,369,null
2064,1714964124067,1714964124436,369,null
2065,1714964124067,1714964124436,369,null
2066,1714964124067,1714964124436,369,null
2067,1714964124067,1714964124436,369,null
2068,1714964124067,1714964124436,369,null
2069,1714964124067,1714964124436,369,null
2070,1714964124068,1714964124436,368,null
2071,1714964124072,1714964124436,364,null
2072,1714964124072,1714964124436,364,null
2073,1714964124072,1714964124436,364,null
2074,1714964124073,1714964124436,363,null
2075,1714964124073,1714964124436,363,null
2076,1714964124073,1714964124436,363,null
2077,1714964124073,1714964124436,363,null
2078,1714964124074,1714964124436,362,null
2079,1714964124074,1714964124436,362,null
2080,1714964124074,1714964124436,362,null
2081,1714964124074,1714964124436,362,null
2082,1714964124075,1714964124490,415,null
2083,1714964124075,1714964124436,361,null
2084,1714964124075,1714964124436,361,null
2085,1714964124075,1714964124436,361,null
2086,1714964124076,1714964124103,27,null
2087,1714964124076,1714964124436,360,null
2088,1714964124084,1714964124436,352,null
2089,1714964124084,1714964124436,352,null
2090,1714964124084,1714964124436,352,null
2091,1714964124085,1714964124436,351,null
2092,1714964124109,1714964124490,381,null
2093,1714964124110,1714964124436,326,null
2094,1714964124110,1714964124490,380,null
2095,1714964124110,1714964124436,326,null
2096,1714964124110,1714964124436,326,null
2097,1714964124110,1714964124436,326,null
2098,1714964124111,1714964124436,325,null
2099,1714964124111,1714964124436,325,null
2100,1714964124111,1714964124436,325,null
2101,1714964124111,1714964124436,325,null
2102,1714964124111,1714964124436,325,null
2103,1714964124111,1714964124436,325,null
2104,1714964124111,1714964124436,325,null
2105,1714964124112,1714964124436,324,null
2106,1714964124112,1714964124436,324,null
2107,1714964124112,1714964124436,324,null
2108,1714964124112,1714964124304,192,null
2109,1714964124112,1714964124436,324,null
2110,1714964124112,1714964124436,324,null
2111,1714964124112,1714964124436,324,null
2112,1714964124113,1714964124436,323,null
2113,1714964124113,1714964124436,323,null
2114,1714964124113,1714964124313,200,null
2115,1714964124113,1714964124436,323,null
2116,1714964124113,1714964124436,323,null
2117,1714964124113,1714964124436,323,null
2118,1714964124113,1714964124436,323,null
2119,1714964124114,1714964124436,322,null
2120,1714964124114,1714964124436,322,null
2121,1714964124114,1714964124436,322,null
2122,1714964124114,1714964124437,323,null
2123,1714964124114,1714964124440,326,null
2124,1714964124114,1714964124436,322,null
2125,1714964124114,1714964124436,322,null
2126,1714964124115,1714964124436,321,null
2127,1714964124115,1714964124437,322,null
2128,1714964124115,1714964124436,321,null
2129,1714964124115,1714964124437,322,null
2130,1714964124115,1714964124442,327,null
2131,1714964124115,1714964124899,784,null
2132,1714964124116,1714964124436,320,null
2133,1714964124119,1714964124436,317,null
2134,1714964124120,1714964124490,370,null
2135,1714964124358,1714964124900,542,null
2136,1714964124359,1714964124900,541,null
2137,1714964124359,1714964124900,541,null
2138,1714964124360,1714964124900,540,null
2139,1714964124360,1714964124900,540,null
2140,1714964124361,1714964124794,433,null
2141,1714964124362,1714964124794,432,null
2142,1714964124362,1714964124794,432,null
2143,1714964124363,1714964124900,537,null
2144,1714964124363,1714964124900,537,null
2145,1714964124364,1714964124900,536,null
2146,1714964124364,1714964124900,536,null
2147,1714964124364,1714964124900,536,null
2148,1714964124365,1714964124899,534,null
2149,1714964124365,1714964124900,535,null
2150,1714964124365,1714964124900,535,null
2151,1714964124366,1714964124900,534,null
2152,1714964124366,1714964124900,534,null
2153,1714964124366,1714964124900,534,null
2154,1714964124367,1714964124900,533,null
2155,1714964124367,1714964124900,533,null
2156,1714964124368,1714964124900,532,null
2157,1714964124368,1714964124900,532,null
2158,1714964124369,1714964124900,531,null
2159,1714964124369,1714964124900,531,null
2160,1714964124370,1714964124900,530,null
2161,1714964124371,1714964124899,528,null
2162,1714964124371,1714964125026,655,null
2163,1714964124372,1714964125037,665,null
2164,1714964124372,1714964125105,733,null
2165,1714964124373,1714964124490,117,null
2166,1714964124433,1714964124900,467,null
2167,1714964124437,1714964124675,238,null
2168,1714964124437,1714964124900,463,null
2169,1714964124437,1714964124900,463,null
2170,1714964124437,1714964124900,463,null
2171,1714964124437,1714964124678,241,null
2172,1714964124437,1714964124900,463,null
2173,1714964124438,1714964125040,602,null
2174,1714964124438,1714964125041,603,null
2175,1714964124438,1714964125086,648,null
2176,1714964124438,1714964124900,462,null
2177,1714964124438,1714964125022,584,null
2178,1714964124438,1714964125031,593,null
2179,1714964124439,1714964125037,598,null
2180,1714964124439,1714964125037,598,null
2181,1714964124439,1714964125041,602,null
2182,1714964124439,1714964125041,602,null
2183,1714964124439,1714964125090,651,null
2184,1714964124439,1714964125228,789,null
2185,1714964124439,1714964125270,831,null
2186,1714964124440,1714964125168,728,null
2187,1714964124440,1714964125105,665,null
2188,1714964124440,1714964125105,665,null
2189,1714964124440,1714964125105,665,null
2190,1714964124440,1714964125163,723,null
2191,1714964124440,1714964125270,830,null
2192,1714964124440,1714964124900,460,null
2193,1714964124441,1714964125270,829,null
2194,1714964124441,1714964124803,362,null
2195,1714964124441,1714964124900,459,null
2196,1714964124441,1714964124900,459,null
2197,1714964124441,1714964124900,459,null
2198,1714964124441,1714964124900,459,null
2199,1714964124441,1714964124900,459,null
2200,1714964124442,1714964124900,458,null
2201,1714964124442,1714964124900,458,null
2202,1714964124442,1714964125105,663,null
2203,1714964124442,1714964124900,458,null
2204,1714964124442,1714964124900,458,null
2205,1714964124442,1714964124900,458,null
2206,1714964124442,1714964124900,458,null
2207,1714964124443,1714964124900,457,null
2208,1714964124443,1714964124900,457,null
2209,1714964124443,1714964124900,457,null
2210,1714964124443,1714964124900,457,null
2211,1714964124443,1714964124900,457,null
2212,1714964124443,1714964124900,457,null
2213,1714964124443,1714964124900,457,null
2214,1714964124444,1714964124900,456,null
2215,1714964124444,1714964124900,456,null
2216,1714964124444,1714964124900,456,null
2217,1714964124444,1714964125270,826,null
2218,1714964124444,1714964124900,456,null
2219,1714964124444,1714964124900,456,null
2220,1714964124444,1714964124900,456,null
2221,1714964124445,1714964124900,455,null
2222,1714964124445,1714964124899,454,null
2223,1714964124445,1714964125024,579,null
2224,1714964124445,1714964125035,590,null
2225,1714964124445,1714964125037,592,null
2226,1714964124445,1714964125041,596,null
2227,1714964124445,1714964125041,596,null
2228,1714964124446,1714964125041,595,null
2229,1714964124446,1714964125093,647,null
2230,1714964124446,1714964125105,659,null
2231,1714964124446,1714964125098,652,null
2232,1714964124446,1714964125105,659,null
2233,1714964124446,1714964125105,659,null
2234,1714964124446,1714964124900,454,null
2235,1714964124447,1714964124900,453,null
2236,1714964124447,1714964124900,453,null
2237,1714964124447,1714964124900,453,null
2238,1714964124447,1714964124900,453,null
2239,1714964124447,1714964124900,453,null
2240,1714964124447,1714964124900,453,null
2241,1714964124447,1714964124900,453,null
2242,1714964124448,1714964124900,452,null
2243,1714964124448,1714964124807,359,null
2244,1714964124448,1714964125029,581,null
2245,1714964124448,1714964125035,587,null
2246,1714964124448,1714964125037,589,null
2247,1714964124448,1714964125041,593,null
2248,1714964124448,1714964125041,593,null
2249,1714964124449,1714964125088,639,null
2250,1714964124449,1714964125105,656,null
2251,1714964124449,1714964125098,649,null
2252,1714964124449,1714964125100,651,null
2253,1714964124449,1714964125105,656,null
2254,1714964124449,1714964125033,584,null
2255,1714964124449,1714964125105,656,null
2256,1714964124450,1714964125105,655,null
2257,1714964124450,1714964125228,778,null
2258,1714964124450,1714964125270,820,null
2259,1714964124450,1714964125105,655,null
2260,1714964124450,1714964125270,820,null
2261,1714964124450,1714964125195,745,null
2262,1714964124450,1714964125270,820,null
2263,1714964124451,1714964125156,705,null
2264,1714964124451,1714964125270,819,null
2265,1714964124451,1714964125270,819,null
2266,1714964124451,1714964125270,819,null
2267,1714964124451,1714964125270,819,null
2268,1714964124451,1714964125227,776,null
2269,1714964124451,1714964125270,819,null
2270,1714964124452,1714964124899,447,null
2271,1714964124551,1714964125028,477,null
2272,1714964124563,1714964125270,707,null
2273,1714964124564,1714964125270,706,null
2274,1714964124564,1714964124900,336,null
2275,1714964124564,1714964125193,629,null
2276,1714964124564,1714964124900,336,null
2277,1714964124564,1714964125270,706,null
2278,1714964124564,1714964125270,706,null
2279,1714964124565,1714964125270,705,null
2280,1714964124565,1714964125270,705,null
2281,1714964124565,1714964125188,623,null
2282,1714964124565,1714964125270,705,null
2283,1714964124565,1714964125270,705,null
2284,1714964124565,1714964125270,705,null
2285,1714964124565,1714964125186,621,null
2286,1714964124566,1714964124900,334,null
2287,1714964124566,1714964125270,704,null
2288,1714964124566,1714964125270,704,null
2289,1714964124566,1714964125270,704,null
2290,1714964124567,1714964125105,538,null
2291,1714964124765,1714964125105,340,null
2292,1714964124766,1714964125105,339,null
2293,1714964124766,1714964125105,339,null
2294,1714964124767,1714964125095,328,null
2295,1714964124767,1714964125192,425,null
2296,1714964124768,1714964125270,502,null
2297,1714964124768,1714964125270,502,null
2298,1714964124769,1714964125105,336,null
2299,1714964124769,1714964125242,473,null
2300,1714964124770,1714964125270,500,null
2301,1714964124770,1714964125270,500,null
2302,1714964124770,1714964125270,500,null
2303,1714964124771,1714964125270,499,null
2304,1714964124771,1714964125596,825,null
2305,1714964124772,1714964125270,498,null
2306,1714964124772,1714964125270,498,null
2307,1714964124773,1714964125234,461,null
2308,1714964124773,1714964125270,497,null
2309,1714964124774,1714964125228,454,null
2310,1714964124774,1714964125160,386,null
2311,1714964124775,1714964125270,495,null
2312,1714964124775,1714964125105,330,null
2313,1714964124776,1714964125270,494,null
2314,1714964124896,1714964125270,374,null
2315,1714964124896,1714964125270,374,null
2316,1714964124897,1714964125270,373,null
2317,1714964124897,1714964125158,261,null
2318,1714964124898,1714964125169,271,null
2319,1714964124898,1714964125190,292,null
2320,1714964124899,1714964125270,371,null
2321,1714964124899,1714964125596,697,null
2322,1714964124997,1714964125596,599,null
2323,1714964124998,1714964125596,598,null
2324,1714964124998,1714964125596,598,null
2325,1714964124999,1714964125364,365,null
2326,1714964125000,1714964125596,596,null
2327,1714964125000,1714964125596,596,null
2328,1714964125001,1714964125596,595,null
2329,1714964125001,1714964125596,595,null
2330,1714964125002,1714964125596,594,null
2331,1714964125003,1714964125596,593,null
2332,1714964125003,1714964125596,593,null
2333,1714964125004,1714964125270,266,null
2334,1714964125005,1714964125270,265,null
2335,1714964125005,1714964125596,591,null
2336,1714964125006,1714964125270,264,null
2337,1714964125006,1714964125270,264,null
2338,1714964125007,1714964125596,589,null
2339,1714964125008,1714964125596,588,null
2340,1714964125008,1714964125596,588,null
2341,1714964125009,1714964125270,261,null
2342,1714964125009,1714964125596,587,null
2343,1714964125010,1714964125596,586,null
2344,1714964125078,1714964126036,958,null
2345,1714964125079,1714964125597,518,null
2346,1714964125085,1714964125597,512,null
2347,1714964125236,1714964125597,361,null
2348,1714964125236,1714964125597,361,null
2349,1714964125236,1714964125597,361,null
2350,1714964125236,1714964125597,361,null
2351,1714964125236,1714964125598,362,null
2352,1714964125236,1714964125597,361,null
2353,1714964125236,1714964125598,362,null
2354,1714964125237,1714964126036,799,null
2355,1714964125237,1714964125598,361,null
2356,1714964125237,1714964125596,359,null
2357,1714964125237,1714964125916,679,null
2358,1714964125237,1714964126027,790,null
2359,1714964125237,1714964126030,793,null
2360,1714964125237,1714964126036,799,null
2361,1714964125237,1714964126036,799,null
2362,1714964125237,1714964126036,799,null
2363,1714964125238,1714964125597,359,null
2364,1714964125238,1714964125597,359,null
2365,1714964125238,1714964126036,798,null
2366,1714964125238,1714964125597,359,null
2367,1714964125238,1714964125598,360,null
2368,1714964125238,1714964125598,360,null
2369,1714964125238,1714964125598,360,null
2370,1714964125238,1714964125598,360,null
2371,1714964125239,1714964125833,594,null
2372,1714964125239,1714964125597,358,null
2373,1714964125239,1714964125597,358,null
2374,1714964125239,1714964126036,797,null
2375,1714964125239,1714964125597,358,null
2376,1714964125239,1714964126036,797,null
2377,1714964125239,1714964125597,358,null
2378,1714964125239,1714964126036,797,null
2379,1714964125239,1714964126036,797,null
2380,1714964125240,1714964126036,796,null
2381,1714964125245,1714964126036,791,null
2382,1714964125245,1714964126036,791,null
2383,1714964125245,1714964126036,791,null
2384,1714964125245,1714964126036,791,null
2385,1714964125245,1714964126037,792,null
2386,1714964125245,1714964126036,791,null
2387,1714964125246,1714964126037,791,null
2388,1714964125246,1714964126036,790,null
2389,1714964125246,1714964126037,791,null
2390,1714964125246,1714964126036,790,null
2391,1714964125246,1714964126036,790,null
2392,1714964125246,1714964126037,791,null
2393,1714964125247,1714964126036,789,null
2394,1714964125247,1714964126037,790,null
2395,1714964125247,1714964126037,790,null
2396,1714964125247,1714964126037,790,null
2397,1714964125247,1714964126037,790,null
2398,1714964125247,1714964126037,790,null
2399,1714964125247,1714964126037,790,null
2400,1714964125248,1714964125828,580,null
2401,1714964125248,1714964126036,788,null
2402,1714964125248,1714964126037,789,null
2403,1714964125248,1714964125598,350,null
2404,1714964125248,1714964126036,788,null
2405,1714964125248,1714964126036,788,null
2406,1714964125248,1714964125597,349,null
2407,1714964125252,1714964126036,784,null
2408,1714964125252,1714964126036,784,null
2409,1714964125253,1714964126036,783,null
2410,1714964125253,1714964126180,927,null
2411,1714964125253,1714964126037,784,null
2412,1714964125253,1714964126037,784,null
2413,1714964125253,1714964126037,784,null
2414,1714964125253,1714964126037,784,null
2415,1714964125253,1714964126037,784,null
2416,1714964125254,1714964126037,783,null
2417,1714964125254,1714964126037,783,null
2418,1714964125254,1714964126037,783,null
2419,1714964125254,1714964126036,782,null
2420,1714964125254,1714964126174,920,null
2421,1714964125254,1714964126037,783,null
2422,1714964125254,1714964126037,783,null
2423,1714964125255,1714964125597,342,null
2424,1714964125255,1714964126037,782,null
2425,1714964125255,1714964125597,342,null
2426,1714964125255,1714964126037,782,null
2427,1714964125255,1714964126036,781,null
2428,1714964125255,1714964126037,782,null
2429,1714964125256,1714964126036,780,null
2430,1714964125282,1714964126037,755,null
2431,1714964125282,1714964125598,316,null
2432,1714964125282,1714964125598,316,null
2433,1714964125282,1714964126036,754,null
2434,1714964125282,1714964125598,316,null
2435,1714964125282,1714964125598,316,null
2436,1714964125282,1714964125597,315,null
2437,1714964125283,1714964125826,543,null
2438,1714964125285,1714964125597,312,null
2439,1714964125285,1714964125598,313,null
2440,1714964125285,1714964125597,312,null
2441,1714964125292,1714964125597,305,null
2442,1714964125292,1714964125597,305,null
2443,1714964125292,1714964125597,305,null
2444,1714964125292,1714964125597,305,null
2445,1714964125292,1714964125598,306,null
2446,1714964125292,1714964125598,306,null
2447,1714964125293,1714964125598,305,null
2448,1714964125293,1714964125597,304,null
2449,1714964125293,1714964125598,305,null
2450,1714964125293,1714964125598,305,null
2451,1714964125293,1714964125598,305,null
2452,1714964125293,1714964125598,305,null
2453,1714964125295,1714964125598,303,null
2454,1714964125295,1714964125598,303,null
2455,1714964125328,1714964125905,577,null
2456,1714964125328,1714964126029,701,null
2457,1714964125328,1714964125598,270,null
2458,1714964125329,1714964126036,707,null
2459,1714964125329,1714964126036,707,null
2460,1714964125329,1714964126182,853,null
2461,1714964125329,1714964126032,703,null
2462,1714964125330,1714964126036,706,null
2463,1714964125330,1714964126036,706,null
2464,1714964125330,1714964126036,706,null
2465,1714964125331,1714964126036,705,null
2466,1714964125331,1714964126036,705,null
2467,1714964125331,1714964126036,705,null
2468,1714964125331,1714964126036,705,null
2469,1714964125332,1714964126036,704,null
2470,1714964125332,1714964126036,704,null
2471,1714964125332,1714964126036,704,null
2472,1714964125333,1714964126036,703,null
2473,1714964125333,1714964126036,703,null
2474,1714964125333,1714964126036,703,null
2475,1714964125333,1714964126036,703,null
2476,1714964125334,1714964126036,702,null
2477,1714964125334,1714964126036,702,null
2478,1714964125334,1714964126036,702,null
2479,1714964125335,1714964126037,702,null
2480,1714964125335,1714964125598,263,null
2481,1714964125335,1714964126036,701,null
2482,1714964125335,1714964126036,701,null
2483,1714964125336,1714964125598,262,null
2484,1714964125336,1714964126036,700,null
2485,1714964125336,1714964125598,262,null
2486,1714964125337,1714964125598,261,null
2487,1714964125337,1714964126036,699,null
2488,1714964125337,1714964126025,688,null
2489,1714964125337,1714964126034,697,null
2490,1714964125338,1714964126036,698,null
2491,1714964125338,1714964126036,698,null
2492,1714964125338,1714964126036,698,null
2493,1714964125338,1714964126036,698,null
2494,1714964125339,1714964126036,697,null
2495,1714964125339,1714964126036,697,null
2496,1714964125339,1714964126036,697,null
2497,1714964125340,1714964126036,696,null
2498,1714964125340,1714964126036,696,null
2499,1714964125340,1714964126036,696,null
2500,1714964125340,1714964126036,696,null
2501,1714964125341,1714964126036,695,null
2502,1714964125341,1714964126036,695,null
2503,1714964125341,1714964126036,695,null
2504,1714964125341,1714964126036,695,null
2505,1714964125342,1714964126036,694,null
2506,1714964125343,1714964126036,693,null
2507,1714964125343,1714964126036,693,null
2508,1714964125343,1714964126037,694,null
2509,1714964125343,1714964126036,693,null
2510,1714964125344,1714964126037,693,null
2511,1714964125344,1714964126174,830,null
2512,1714964125344,1714964126037,693,null
2513,1714964125345,1714964126037,692,null
2514,1714964125345,1714964126037,692,null
2515,1714964125345,1714964126037,692,null
2516,1714964125346,1714964126037,691,null
2517,1714964125349,1714964126037,688,null
2518,1714964125350,1714964126037,687,null
2519,1714964125350,1714964126037,687,null
2520,1714964125351,1714964126037,686,null
2521,1714964125351,1714964126037,686,null
2522,1714964125351,1714964126037,686,null
2523,1714964125352,1714964126037,685,null
2524,1714964125355,1714964126037,682,null
2525,1714964125358,1714964126037,679,null
2526,1714964125359,1714964126037,678,null
2527,1714964125359,1714964126036,677,null
2528,1714964125364,1714964126036,672,null
2529,1714964125365,1714964126036,671,null
2530,1714964125365,1714964125831,466,null
2531,1714964125365,1714964126037,672,null
2532,1714964125579,1714964126037,458,null
2533,1714964125580,1714964126037,457,null
2534,1714964125580,1714964126037,457,null
2535,1714964125581,1714964126037,456,null
2536,1714964125581,1714964126037,456,null
2537,1714964125581,1714964126037,456,null
2538,1714964125581,1714964126037,456,null
2539,1714964125581,1714964126037,456,null
2540,1714964125581,1714964126037,456,null
2541,1714964125581,1714964126037,456,null
2542,1714964125581,1714964126173,592,null
2543,1714964125582,1714964126180,598,null
2544,1714964125582,1714964125911,329,null
2545,1714964125582,1714964126180,598,null
2546,1714964125582,1714964126180,598,null
2547,1714964125582,1714964126181,599,null
2548,1714964125582,1714964126037,455,null
2549,1714964125582,1714964126186,604,null
2550,1714964125582,1714964126188,606,null
2551,1714964125582,1714964126184,602,null
2552,1714964125583,1714964126186,603,null
2553,1714964125583,1714964126216,633,null
2554,1714964125583,1714964126184,601,null
2555,1714964125583,1714964126269,686,null
2556,1714964125583,1714964126182,599,null
2557,1714964125583,1714964125914,331,null
2558,1714964125583,1714964126180,597,null
2559,1714964125583,1714964126185,602,null
2560,1714964125584,1714964126180,596,null
2561,1714964125584,1714964126180,596,null
2562,1714964125584,1714964126183,599,null
2563,1714964125584,1714964126183,599,null
2564,1714964125584,1714964126254,670,null
2565,1714964125584,1714964126037,453,null
2566,1714964125584,1714964126037,453,null
2567,1714964125584,1714964126037,453,null
2568,1714964125584,1714964126037,453,null
2569,1714964125585,1714964126037,452,null
2570,1714964125585,1714964126037,452,null
2571,1714964125585,1714964126037,452,null
2572,1714964125585,1714964126037,452,null
2573,1714964125585,1714964126037,452,null
2574,1714964125585,1714964126173,588,null
2575,1714964125585,1714964126174,589,null
2576,1714964125585,1714964126187,602,null
2577,1714964125585,1714964126180,595,null
2578,1714964125586,1714964126180,594,null
2579,1714964125586,1714964126181,595,null
2580,1714964125587,1714964126037,450,null
2581,1714964125590,1714964126181,591,null
2582,1714964125590,1714964126181,591,null
2583,1714964125591,1714964126181,590,null
2584,1714964125591,1714964126181,590,null
2585,1714964125591,1714964126185,594,null
2586,1714964125592,1714964125908,316,null
2587,1714964125592,1714964126184,592,null
2588,1714964125593,1714964126184,591,null
2589,1714964125593,1714964126184,591,null
2590,1714964125594,1714964126037,443,null
2591,1714964125594,1714964126184,590,null
2592,1714964125594,1714964126183,589,null
2593,1714964125595,1714964126037,442,null
2594,1714964125595,1714964126037,442,null
2595,1714964125596,1714964126183,587,null
2596,1714964125685,1714964126187,502,null
2597,1714964125685,1714964126251,566,null
2598,1714964125685,1714964126186,501,null
2599,1714964125685,1714964126184,499,null
2600,1714964125685,1714964126184,499,null
2601,1714964125685,1714964126184,499,null
2602,1714964125685,1714964126184,499,null
2603,1714964125685,1714964126184,499,null
2604,1714964125685,1714964126184,499,null
2605,1714964125686,1714964126185,499,null
2606,1714964125686,1714964126187,501,null
2607,1714964125686,1714964126251,565,null
2608,1714964125686,1714964126184,498,null
2609,1714964125686,1714964126202,516,null
2610,1714964125686,1714964126226,540,null
2611,1714964125686,1714964126236,550,null
2612,1714964125686,1714964126250,564,null
2613,1714964125686,1714964126288,602,null
2614,1714964125687,1714964126314,627,null
2615,1714964125687,1714964126296,609,null
2616,1714964125687,1714964126259,572,null
2617,1714964125687,1714964126279,592,null
2618,1714964125687,1714964126254,567,null
2619,1714964125687,1714964126263,576,null
2620,1714964125687,1714964126290,603,null
2621,1714964125687,1714964126297,610,null
2622,1714964125687,1714964126312,625,null
2623,1714964125687,1714964126348,661,null
2624,1714964125688,1714964126256,568,null
2625,1714964125688,1714964126181,493,null
2626,1714964125688,1714964126181,493,null
2627,1714964125688,1714964126181,493,null
2628,1714964125688,1714964126182,494,null
2629,1714964125688,1714964126184,496,null
2630,1714964125689,1714964126184,495,null
2631,1714964125689,1714964126202,513,null
2632,1714964125689,1714964126184,495,null
2633,1714964125689,1714964126182,493,null
2634,1714964125689,1714964126186,497,null
2635,1714964125689,1714964126184,495,null
2636,1714964125690,1714964126270,580,null
2637,1714964125690,1714964126232,542,null
2638,1714964125690,1714964126261,571,null
2639,1714964125690,1714964126276,586,null
2640,1714964125690,1714964126182,492,null
2641,1714964125691,1714964126181,490,null
2642,1714964125691,1714964126180,489,null
2643,1714964125691,1714964126180,489,null
2644,1714964125691,1714964126180,489,null
2645,1714964125691,1714964126174,483,null
2646,1714964125691,1714964126181,490,null
2647,1714964125691,1714964125911,220,null
2648,1714964125692,1714964126181,489,null
2649,1714964125692,1714964126348,656,null
2650,1714964125692,1714964126182,490,null
2651,1714964125692,1714964126180,488,null
2652,1714964125692,1714964126182,490,null
2653,1714964125692,1714964126181,489,null
2654,1714964125693,1714964126185,492,null
2655,1714964125693,1714964126180,487,null
2656,1714964125693,1714964126184,491,null
2657,1714964125694,1714964126182,488,null
2658,1714964125695,1714964126183,488,null
2659,1714964125695,1714964126174,479,null
2660,1714964125695,1714964126307,612,null
2661,1714964125803,1714964126184,381,null
2662,1714964125804,1714964126182,378,null
2663,1714964125804,1714964126182,378,null
2664,1714964125805,1714964126184,379,null
2665,1714964125806,1714964126180,374,null
2666,1714964125806,1714964126180,374,null
2667,1714964125807,1714964126180,373,null
2668,1714964125807,1714964126181,374,null
2669,1714964125808,1714964126181,373,null
2670,1714964125808,1714964126181,373,null
2671,1714964125809,1714964126181,372,null
2672,1714964125809,1714964126184,375,null
2673,1714964125810,1714964126182,372,null
2674,1714964125810,1714964126183,373,null
2675,1714964125810,1714964126183,373,null
2676,1714964125811,1714964126186,375,null
2677,1714964125811,1714964126184,373,null
2678,1714964125812,1714964126255,443,null
2679,1714964125812,1714964126180,368,null
2680,1714964125813,1714964126348,535,null
2681,1714964125891,1714964127053,1162,null
2682,1714964125891,1714964126348,457,null
2683,1714964125892,1714964127050,1158,null
2684,1714964125892,1714964127050,1158,null
2685,1714964125892,1714964127053,1161,null
2686,1714964125892,1714964126438,546,null
2687,1714964125918,1714964127053,1135,null
2688,1714964125918,1714964127053,1135,null
2689,1714964125918,1714964127053,1135,null
2690,1714964125918,1714964127053,1135,null
2691,1714964125918,1714964127053,1135,null
2692,1714964125919,1714964127054,1135,null
2693,1714964125919,1714964127053,1134,null
2694,1714964125919,1714964127053,1134,null
2695,1714964125919,1714964127053,1134,null
2696,1714964125919,1714964126527,608,null
2697,1714964125919,1714964127054,1135,null
2698,1714964125919,1714964127054,1135,null
2699,1714964125919,1714964127054,1135,null
2700,1714964125920,1714964126575,655,null
2701,1714964125920,1714964127050,1130,null
2702,1714964125920,1714964127050,1130,null
2703,1714964125920,1714964127050,1130,null
2704,1714964125920,1714964127050,1130,null
2705,1714964125920,1714964127050,1130,null
2706,1714964125920,1714964127054,1134,null
2707,1714964125920,1714964127050,1130,null
2708,1714964125920,1714964127050,1130,null
2709,1714964125921,1714964127051,1130,null
2710,1714964125921,1714964127051,1130,null
2711,1714964125921,1714964127051,1130,null
2712,1714964125921,1714964127051,1130,null
2713,1714964125921,1714964127051,1130,null
2714,1714964125921,1714964127050,1129,null
2715,1714964125921,1714964127051,1130,null
2716,1714964125921,1714964127051,1130,null
2717,1714964125921,1714964127051,1130,null
2718,1714964125922,1714964127051,1129,null
2719,1714964125922,1714964127051,1129,null
2720,1714964125922,1714964127053,1131,null
2721,1714964125922,1714964127051,1129,null
2722,1714964125922,1714964126439,517,null
2723,1714964125922,1714964127053,1131,null
2724,1714964125922,1714964127053,1131,null
2725,1714964125922,1714964126370,448,null
2726,1714964125922,1714964127053,1131,null
2727,1714964125922,1714964127050,1128,null
2728,1714964125923,1714964127050,1127,null
2729,1714964125923,1714964127050,1127,null
2730,1714964125923,1714964127050,1127,null
2731,1714964125923,1714964127050,1127,null
2732,1714964125923,1714964127050,1127,null
2733,1714964125923,1714964127050,1127,null
2734,1714964125923,1714964127051,1128,null
2735,1714964125923,1714964127051,1128,null
2736,1714964125923,1714964127051,1128,null
2737,1714964125923,1714964127051,1128,null
2738,1714964125924,1714964127051,1127,null
2739,1714964125924,1714964127051,1127,null
2740,1714964125924,1714964127051,1127,null
2741,1714964125924,1714964127051,1127,null
2742,1714964125924,1714964126844,920,null
2743,1714964125924,1714964127053,1129,null
2744,1714964125924,1714964127053,1129,null
2745,1714964125924,1714964127053,1129,null
2746,1714964125925,1714964127053,1128,null
2747,1714964125925,1714964127053,1128,null
2748,1714964125925,1714964127053,1128,null
2749,1714964125925,1714964127054,1129,null
2750,1714964125925,1714964127053,1128,null
2751,1714964125925,1714964127053,1128,null
2752,1714964125925,1714964127053,1128,null
2753,1714964125926,1714964127053,1127,null
2754,1714964125926,1714964127053,1127,null
2755,1714964125926,1714964127053,1127,null
2756,1714964125926,1714964127053,1127,null
2757,1714964125926,1714964127053,1127,null
2758,1714964125926,1714964127053,1127,null
2759,1714964125927,1714964127053,1126,null
2760,1714964125927,1714964127053,1126,null
2761,1714964125927,1714964127053,1126,null
2762,1714964126013,1714964127053,1040,null
2763,1714964126014,1714964127053,1039,null
2764,1714964126014,1714964127054,1040,null
2765,1714964126014,1714964127054,1040,null
2766,1714964126015,1714964127050,1035,null
2767,1714964126015,1714964127050,1035,null
2768,1714964126015,1714964127050,1035,null
2769,1714964126016,1714964127050,1034,null
2770,1714964126016,1714964127050,1034,null
2771,1714964126016,1714964126406,390,null
2772,1714964126017,1714964126381,364,null
2773,1714964126017,1714964127053,1036,null
2774,1714964126017,1714964126429,412,null
2775,1714964126018,1714964127053,1035,null
2776,1714964126018,1714964127053,1035,null
2777,1714964126018,1714964127053,1035,null
2778,1714964126019,1714964127054,1035,null
2779,1714964126019,1714964126519,500,null
2780,1714964126019,1714964126538,519,null
2781,1714964126020,1714964127053,1033,null
2782,1714964126020,1714964126571,551,null
2783,1714964126020,1714964127054,1034,null
2784,1714964126020,1714964127054,1034,null
2785,1714964126021,1714964127054,1033,null
2786,1714964126021,1714964127050,1029,null
2787,1714964126139,1714964127050,911,null
2788,1714964126139,1714964127050,911,null
2789,1714964126139,1714964127051,912,null
2790,1714964126143,1714964127051,908,null
2791,1714964126143,1714964127051,908,null
2792,1714964126143,1714964127051,908,null
2793,1714964126143,1714964127051,908,null
2794,1714964126143,1714964127051,908,null
2795,1714964126143,1714964127051,908,null
2796,1714964126144,1714964127051,907,null
2797,1714964126144,1714964127051,907,null
2798,1714964126144,1714964127051,907,null
2799,1714964126144,1714964127051,907,null
2800,1714964126144,1714964127051,907,null
2801,1714964126144,1714964127051,907,null
2802,1714964126144,1714964127051,907,null
2803,1714964126145,1714964127051,906,null
2804,1714964126145,1714964127051,906,null
2805,1714964126149,1714964127051,902,null
2806,1714964126152,1714964127051,899,null
2807,1714964126152,1714964126407,255,null
2808,1714964126152,1714964127051,899,null
2809,1714964126152,1714964127050,898,null
2810,1714964126240,1714964127053,813,null
2811,1714964126240,1714964127053,813,null
2812,1714964126240,1714964127053,813,null
2813,1714964126241,1714964127053,812,null
2814,1714964126242,1714964127053,811,null
2815,1714964126242,1714964127053,811,null
2816,1714964126242,1714964127053,811,null
2817,1714964126243,1714964127053,810,null
2818,1714964126243,1714964127053,810,null
2819,1714964126243,1714964127054,811,null
2820,1714964126244,1714964127053,809,null
2821,1714964126244,1714964127053,809,null
2822,1714964126244,1714964127054,810,null
2823,1714964126244,1714964127054,810,null
2824,1714964126244,1714964127054,810,null
2825,1714964126244,1714964127053,809,null
2826,1714964126244,1714964127053,809,null
2827,1714964126245,1714964127124,879,null
2828,1714964126270,1714964127054,784,null
2829,1714964126270,1714964127054,784,null
2830,1714964126270,1714964126605,335,null
2831,1714964126270,1714964127050,780,null
2832,1714964126270,1714964127050,780,null
2833,1714964126300,1714964127050,750,null
2834,1714964126302,1714964127051,749,null
2835,1714964126302,1714964127051,749,null
2836,1714964126302,1714964127051,749,null
2837,1714964126302,1714964127051,749,null
2838,1714964126302,1714964127051,749,null
2839,1714964126302,1714964127053,751,null
2840,1714964126302,1714964127051,749,null
2841,1714964126302,1714964127051,749,null
2842,1714964126303,1714964127051,748,null
2843,1714964126303,1714964127051,748,null
2844,1714964126303,1714964127051,748,null
2845,1714964126303,1714964127051,748,null
2846,1714964126303,1714964127053,750,null
2847,1714964126303,1714964127053,750,null
2848,1714964126303,1714964127053,750,null
2849,1714964126303,1714964127053,750,null
2850,1714964126304,1714964127054,750,null
2851,1714964126304,1714964127053,749,null
2852,1714964126304,1714964127053,749,null
2853,1714964126306,1714964127053,747,null
2854,1714964126306,1714964127053,747,null
2855,1714964126307,1714964127053,746,null
2856,1714964126308,1714964127054,746,null
2857,1714964126309,1714964127053,744,null
2858,1714964126309,1714964127053,744,null
2859,1714964126309,1714964127053,744,null
2860,1714964126309,1714964127053,744,null
2861,1714964126348,1714964126850,502,null
2862,1714964126362,1714964127051,689,null
2863,1714964126364,1714964127317,953,null
2864,1714964126364,1714964127395,1031,null
2865,1714964126368,1714964127053,685,null
2866,1714964126368,1714964126854,486,null
2867,1714964126368,1714964127053,685,null
2868,1714964126368,1714964127526,1158,null
2869,1714964126368,1714964127051,683,null
2870,1714964126368,1714964127369,1001,null
2871,1714964126369,1714964127440,1071,null
2872,1714964126369,1714964127053,684,null
2873,1714964126371,1714964127328,957,null
2874,1714964126372,1714964127051,679,null
2875,1714964126372,1714964127313,941,null
2876,1714964126372,1714964127051,679,null
2877,1714964126372,1714964127526,1154,null
2878,1714964126372,1714964127356,984,null
2879,1714964126372,1714964127051,679,null
2880,1714964126372,1714964127263,891,null
2881,1714964126373,1714964127312,939,null
2882,1714964126373,1714964127050,677,null
2883,1714964126373,1714964127326,953,null
2884,1714964126444,1714964127052,608,null
2885,1714964126444,1714964127069,625,null
2886,1714964126444,1714964127283,839,null
2887,1714964126444,1714964127051,607,null
2888,1714964126444,1714964127071,627,null
2889,1714964126444,1714964127392,948,null
2890,1714964126445,1714964127456,1011,null
2891,1714964126445,1714964127392,947,null
2892,1714964126445,1714964127052,607,null
2893,1714964126445,1714964127053,608,null
2894,1714964126452,1714964127306,854,null
2895,1714964126452,1714964127364,912,null
2896,1714964126452,1714964127366,914,null
2897,1714964126452,1714964127392,940,null
2898,1714964126452,1714964127400,948,null
2899,1714964126452,1714964127392,940,null
2900,1714964126452,1714964127410,958,null
2901,1714964126453,1714964127392,939,null
2902,1714964126453,1714964127392,939,null
2903,1714964126453,1714964127421,968,null
2904,1714964126453,1714964127053,600,null
2905,1714964126453,1714964127054,601,null
2906,1714964126786,1714964127411,625,null
2907,1714964126799,1714964127436,637,null
2908,1714964126799,1714964127051,252,null
2909,1714964126800,1714964127340,540,null
2910,1714964126800,1714964127051,251,null
2911,1714964126800,1714964127277,477,null
2912,1714964126801,1714964127409,608,null
2913,1714964126801,1714964127410,609,null
2914,1714964126802,1714964127051,249,null
2915,1714964126802,1714964127051,249,null
2916,1714964126803,1714964127078,275,null
2917,1714964126803,1714964127051,248,null
2918,1714964126804,1714964127051,247,null
2919,1714964126804,1714964127263,459,null
2920,1714964126805,1714964127311,506,null
2921,1714964126805,1714964127051,246,null
2922,1714964126806,1714964127051,245,null
2923,1714964126806,1714964127277,471,null
2924,1714964126807,1714964127051,244,null
2925,1714964126807,1714964127051,244,null
2926,1714964126808,1714964127051,243,null
2927,1714964126809,1714964127052,243,null
2928,1714964126810,1714964127052,242,null
2929,1714964126810,1714964127052,242,null
2930,1714964126811,1714964127052,241,null
2931,1714964126812,1714964127052,240,null
2932,1714964126812,1714964127345,533,null
2933,1714964126846,1714964127468,622,null
2934,1714964126846,1714964127069,223,null
2935,1714964126847,1714964127241,394,null
2936,1714964126847,1714964127231,384,null
2937,1714964126848,1714964127240,392,null
2938,1714964126848,1714964127312,464,null
2939,1714964126849,1714964127317,468,null
2940,1714964126849,1714964127099,250,null
2941,1714964126850,1714964127362,512,null
2942,1714964126852,1714964127135,283,null
2943,1714964126853,1714964127140,287,null
2944,1714964126853,1714964127118,265,null
2945,1714964126854,1714964127135,281,null
2946,1714964126854,1714964127164,310,null
2947,1714964126855,1714964127171,316,null
2948,1714964126856,1714964127164,308,null
2949,1714964126856,1714964127163,307,null
2950,1714964126857,1714964127231,374,null
2951,1714964126857,1714964127134,277,null
2952,1714964126901,1714964127180,279,null
2953,1714964126901,1714964127191,290,null
2954,1714964126901,1714964127212,311,null
2955,1714964126902,1714964127208,306,null
2956,1714964126902,1714964127219,317,null
2957,1714964126902,1714964127217,315,null
2958,1714964126903,1714964127263,360,null
2959,1714964126903,1714964127239,336,null
2960,1714964126904,1714964127212,308,null
2961,1714964126910,1714964127526,616,null
2962,1714964127037,1714964127526,489,null
2963,1714964127267,1714964127526,259,null
2964,1714964127267,1714964127460,193,null
2965,1714964127267,1714964127447,180,null
2966,1714964127268,1714964127439,171,null
2967,1714964127268,1714964127436,168,null
2968,1714964127269,1714964127526,257,null
2969,1714964127269,1714964127457,188,null
2970,1714964127269,1714964127958,689,null
2971,1714964127270,1714964127958,688,null
2972,1714964127270,1714964127526,256,null
2973,1714964127270,1714964127526,256,null
2974,1714964127270,1714964127956,686,null
2975,1714964127270,1714964127526,256,null
2976,1714964127271,1714964127956,685,null
2977,1714964127271,1714964127956,685,null
2978,1714964127271,1714964127526,255,null
2979,1714964127271,1714964127956,685,null
2980,1714964127271,1714964127526,255,null
2981,1714964127272,1714964127956,684,null
2982,1714964127272,1714964127956,684,null
2983,1714964127272,1714964127526,254,null
2984,1714964127272,1714964127526,254,null
2985,1714964127272,1714964127956,684,null
2986,1714964127272,1714964127956,684,null
2987,1714964127273,1714964127956,683,null
2988,1714964127273,1714964127956,683,null
2989,1714964127295,1714964127956,661,null
2990,1714964127295,1714964127957,662,null
2991,1714964127295,1714964127957,662,null
2992,1714964127295,1714964127957,662,null
2993,1714964127296,1714964127957,661,null
2994,1714964127296,1714964127957,661,null
2995,1714964127296,1714964127957,661,null
2996,1714964127296,1714964127957,661,null
2997,1714964127296,1714964127526,230,null
2998,1714964127297,1714964127687,390,null
2999,1714964127297,1714964127687,390,null
3000,1714964127297,1714964127956,659,null
3001,1714964127297,1714964127956,659,null
3002,1714964127304,1714964127958,654,null
3003,1714964127304,1714964127956,652,null
3004,1714964127304,1714964127956,652,null
3005,1714964127304,1714964127956,652,null
3006,1714964127305,1714964127956,651,null
3007,1714964127313,1714964127957,644,null
3008,1714964127314,1714964127527,213,null
3009,1714964127314,1714964127957,643,null
3010,1714964127314,1714964127957,643,null
3011,1714964127314,1714964127957,643,null
3012,1714964127314,1714964127957,643,null
3013,1714964127314,1714964127806,492,null
3014,1714964127314,1714964127957,643,null
3015,1714964127314,1714964127957,643,null
3016,1714964127315,1714964127957,642,null
3017,1714964127315,1714964127957,642,null
3018,1714964127315,1714964127957,642,null
3019,1714964127315,1714964127957,642,null
3020,1714964127315,1714964127957,642,null
3021,1714964127315,1714964127957,642,null
3022,1714964127315,1714964127957,642,null
3023,1714964127315,1714964127957,642,null
3024,1714964127315,1714964127957,642,null
3025,1714964127316,1714964127957,641,null
3026,1714964127319,1714964127957,638,null
3027,1714964127322,1714964127957,635,null
3028,1714964127322,1714964127957,635,null
3029,1714964127322,1714964127957,635,null
3030,1714964127322,1714964127957,635,null
3031,1714964127322,1714964127958,636,null
3032,1714964127323,1714964127539,216,null
3033,1714964127326,1714964127956,630,null
3034,1714964127326,1714964127686,360,null
3035,1714964127326,1714964127687,361,null
3036,1714964127326,1714964127958,632,null
3037,1714964127326,1714964127956,630,null
3038,1714964127326,1714964127956,630,null
3039,1714964127326,1714964127956,630,null
3040,1714964127326,1714964127956,630,null
3041,1714964127327,1714964127956,629,null
3042,1714964127327,1714964127958,631,null
3043,1714964127327,1714964127956,629,null
3044,1714964127327,1714964127956,629,null
3045,1714964127327,1714964127956,629,null
3046,1714964127327,1714964127957,630,null
3047,1714964127327,1714964127957,630,null
3048,1714964127327,1714964127957,630,null
3049,1714964127327,1714964127957,630,null
3050,1714964127328,1714964127957,629,null
3051,1714964127342,1714964127526,184,null
3052,1714964127366,1714964127957,591,null
3053,1714964127366,1714964127775,409,null
3054,1714964127367,1714964127777,410,null
3055,1714964127367,1714964127958,591,null
3056,1714964127369,1714964127956,587,null
3057,1714964127375,1714964127958,583,null
3058,1714964127376,1714964127956,580,null
3059,1714964127376,1714964127956,580,null
3060,1714964127386,1714964127956,570,null
3061,1714964127386,1714964127957,571,null
3062,1714964127387,1714964127957,570,null
3063,1714964127387,1714964127957,570,null
3064,1714964127389,1714964127957,568,null
3065,1714964127390,1714964127957,567,null
3066,1714964127390,1714964127957,567,null
3067,1714964127390,1714964127957,567,null
3068,1714964127390,1714964127957,567,null
3069,1714964127390,1714964127957,567,null
3070,1714964127391,1714964127957,566,null
3071,1714964127391,1714964127957,566,null
3072,1714964127391,1714964127957,566,null
3073,1714964127391,1714964127957,566,null
3074,1714964127392,1714964127957,565,null
3075,1714964127393,1714964127957,564,null
3076,1714964127404,1714964127957,553,null
3077,1714964127404,1714964127957,553,null
3078,1714964127404,1714964127957,553,null
3079,1714964127404,1714964127957,553,null
3080,1714964127404,1714964127957,553,null
3081,1714964127404,1714964127957,553,null
3082,1714964127404,1714964127957,553,null
3083,1714964127405,1714964127957,552,null
3084,1714964127405,1714964127957,552,null
3085,1714964127405,1714964127957,552,null
3086,1714964127405,1714964127957,552,null
3087,1714964127405,1714964127957,552,null
3088,1714964127405,1714964127957,552,null
3089,1714964127406,1714964127956,550,null
3090,1714964127406,1714964127958,552,null
3091,1714964127406,1714964127957,551,null
3092,1714964127406,1714964127957,551,null
3093,1714964127406,1714964127957,551,null
3094,1714964127406,1714964127957,551,null
3095,1714964127406,1714964127957,551,null
3096,1714964127407,1714964127957,550,null
3097,1714964127407,1714964127957,550,null
3098,1714964127407,1714964127957,550,null
3099,1714964127407,1714964127957,550,null
3100,1714964127407,1714964127806,399,null
3101,1714964127407,1714964127958,551,null
3102,1714964127407,1714964127956,549,null
3103,1714964127408,1714964127526,118,null
3104,1714964127412,1714964127956,544,null
3105,1714964127462,1714964127956,494,null
3106,1714964127463,1714964127956,493,null
3107,1714964127463,1714964127956,493,null
3108,1714964127464,1714964127956,492,null
3109,1714964127465,1714964127956,491,null
3110,1714964127465,1714964127956,491,null
3111,1714964127466,1714964127956,490,null
3112,1714964127466,1714964127957,491,null
3113,1714964127467,1714964127957,490,null
3114,1714964127467,1714964127957,490,null
3115,1714964127468,1714964127957,489,null
3116,1714964127500,1714964127806,306,null
3117,1714964127500,1714964127806,306,null
3118,1714964127500,1714964127957,457,null
3119,1714964127500,1714964127820,320,null
3120,1714964127500,1714964127929,429,null
3121,1714964127500,1714964127958,458,null
3122,1714964127500,1714964127956,456,null
3123,1714964127501,1714964127956,455,null
3124,1714964127501,1714964127956,455,null
3125,1714964127501,1714964127956,455,null
3126,1714964127501,1714964127777,276,null
3127,1714964127501,1714964128244,743,null
3128,1714964127501,1714964127992,491,null
3129,1714964127501,1714964128112,611,null
3130,1714964127501,1714964127956,455,null
3131,1714964127501,1714964128068,567,null
3132,1714964127502,1714964127957,455,null
3133,1714964127502,1714964127958,456,null
3134,1714964127502,1714964127809,307,null
3135,1714964127502,1714964127806,304,null
3136,1714964127502,1714964127958,456,null
3137,1714964127502,1714964127956,454,null
3138,1714964127502,1714964127956,454,null
3139,1714964127502,1714964127956,454,null
3140,1714964127502,1714964127956,454,null
3141,1714964127503,1714964127958,455,null
3142,1714964127503,1714964127956,453,null
3143,1714964127503,1714964128214,711,null
3144,1714964127503,1714964127958,455,null
3145,1714964127503,1714964127958,455,null
3146,1714964127503,1714964127958,455,null
3147,1714964127503,1714964127958,455,null
3148,1714964127503,1714964128068,565,null
3149,1714964127503,1714964127958,455,null
3150,1714964127504,1714964127957,453,null
3151,1714964127539,1714964127957,418,null
3152,1714964127539,1714964127957,418,null
3153,1714964127540,1714964127957,417,null
3154,1714964127540,1714964127806,266,null
3155,1714964127569,1714964127956,387,null
3156,1714964127691,1714964127956,265,null
3157,1714964127692,1714964127956,264,null
3158,1714964127693,1714964127956,263,null
3159,1714964127693,1714964127956,263,null
3160,1714964127694,1714964127956,262,null
3161,1714964127695,1714964127956,261,null
3162,1714964127695,1714964127958,263,null
3163,1714964127696,1714964127958,262,null
3164,1714964127697,1714964127958,261,null
3165,1714964127697,1714964127958,261,null
3166,1714964127698,1714964127958,260,null
3167,1714964127699,1714964127958,259,null
3168,1714964127700,1714964127958,258,null
3169,1714964127700,1714964127958,258,null
3170,1714964127701,1714964127958,257,null
3171,1714964127702,1714964127959,257,null
3172,1714964127702,1714964128242,540,null
3173,1714964127703,1714964128214,511,null
3174,1714964127704,1714964128274,570,null
3175,1714964127704,1714964128214,510,null
3176,1714964127705,1714964128068,363,null
3177,1714964127799,1714964128068,269,null
3178,1714964127800,1714964127956,156,null
3179,1714964127800,1714964128274,474,null
3180,1714964127800,1714964127956,156,null
3181,1714964127800,1714964128274,474,null
3182,1714964127800,1714964128068,268,null
3183,1714964127800,1714964127958,158,null
3184,1714964127800,1714964128244,444,null
3185,1714964127800,1714964128244,444,null
3186,1714964127800,1714964128274,474,null
3187,1714964127801,1714964128274,473,null
3188,1714964127801,1714964128274,473,null
3189,1714964127801,1714964128274,473,null
3190,1714964127801,1714964128274,473,null
3191,1714964127801,1714964128274,473,null
3192,1714964127801,1714964127963,162,null
3193,1714964127801,1714964128274,473,null
3194,1714964127801,1714964128068,267,null
3195,1714964127801,1714964128244,443,null
3196,1714964127802,1714964128274,472,null
3197,1714964127802,1714964127958,156,null
3198,1714964127802,1714964127958,156,null
3199,1714964127802,1714964127958,156,null
3200,1714964127802,1714964128274,472,null
3201,1714964127802,1714964128274,472,null
3202,1714964127802,1714964128274,472,null
3203,1714964127802,1714964128274,472,null
3204,1714964127802,1714964128244,442,null
3205,1714964127803,1714964128274,471,null
3206,1714964127803,1714964128274,471,null
3207,1714964127803,1714964128068,265,null
3208,1714964127803,1714964127970,167,null
3209,1714964127803,1714964128068,265,null
3210,1714964127803,1714964128274,471,null
3211,1714964127803,1714964128274,471,null
3212,1714964127803,1714964128274,471,null
3213,1714964127803,1714964128068,265,null
3214,1714964127804,1714964128274,470,null
3215,1714964127939,1714964128274,335,null
3216,1714964127940,1714964128274,334,null
3217,1714964127941,1714964128240,299,null
3218,1714964127942,1714964128274,332,null
3219,1714964127942,1714964128274,332,null
3220,1714964127943,1714964128274,331,null
3221,1714964127944,1714964128274,330,null
3222,1714964127945,1714964128274,329,null
3223,1714964127945,1714964128356,411,null
3224,1714964127946,1714964128297,351,null
3225,1714964127947,1714964128274,327,null
3226,1714964127947,1714964128335,388,null
3227,1714964127948,1714964128306,358,null
3228,1714964127949,1714964128560,611,null
3229,1714964127950,1714964128372,422,null
3230,1714964127950,1714964128428,478,null
3231,1714964127951,1714964128424,473,null
3232,1714964127951,1714964128426,475,null
3233,1714964127952,1714964128551,599,null
3234,1714964127953,1714964128440,487,null
3235,1714964127953,1714964128439,486,null
3236,1714964127954,1714964128445,491,null
3237,1714964127955,1714964128274,319,null
3238,1714964127955,1714964128430,475,null
3239,1714964128127,1714964128286,159,null
3240,1714964128128,1714964128370,242,null
3241,1714964128128,1714964128421,293,null
3242,1714964128128,1714964128560,432,null
3243,1714964128128,1714964128442,314,null
3244,1714964128128,1714964128551,423,null
3245,1714964128128,1714964128433,305,null
3246,1714964128128,1714964128551,423,null
3247,1714964128128,1714964128437,309,null
3248,1714964128128,1714964128561,433,null
3249,1714964128129,1714964128560,431,null
3250,1714964128129,1714964128461,332,null
3251,1714964128129,1714964128551,422,null
3252,1714964128129,1714964128551,422,null
3253,1714964128129,1714964128551,422,null
3254,1714964128129,1714964128560,431,null
3255,1714964128129,1714964128560,431,null
3256,1714964128129,1714964128560,431,null
3257,1714964128129,1714964128560,431,null
3258,1714964128130,1714964128560,430,null
3259,1714964128130,1714964128561,431,null
3260,1714964128130,1714964128561,431,null
3261,1714964128130,1714964128561,431,null
3262,1714964128131,1714964128560,429,null
3263,1714964128132,1714964128563,431,null
3264,1714964128132,1714964128561,429,null
3265,1714964128132,1714964128561,429,null
3266,1714964128132,1714964128561,429,null
3267,1714964128132,1714964128561,429,null
3268,1714964128133,1714964128561,428,null
3269,1714964128133,1714964128561,428,null
3270,1714964128133,1714964128561,428,null
3271,1714964128133,1714964128561,428,null
3272,1714964128133,1714964128736,603,null
3273,1714964128133,1714964128736,603,null
3274,1714964128133,1714964128770,637,null
3275,1714964128133,1714964128640,507,null
3276,1714964128133,1714964129440,1307,null
3277,1714964128134,1714964128649,515,null
3278,1714964128134,1714964128654,520,null
3279,1714964128134,1714964128661,527,null
3280,1714964128134,1714964128668,534,null
3281,1714964128134,1714964128995,861,null
3282,1714964128134,1714964128677,543,null
3283,1714964128134,1714964128736,602,null
3284,1714964128134,1714964128736,602,null
3285,1714964128134,1714964128736,602,null
3286,1714964128135,1714964128736,601,null
3287,1714964128135,1714964128736,601,null
3288,1714964128135,1714964128736,601,null
3289,1714964128135,1714964128736,601,null
3290,1714964128135,1714964128736,601,null
3291,1714964128135,1714964128776,641,null
3292,1714964128135,1714964129440,1305,null
3293,1714964128135,1714964129565,1430,null
3294,1714964128135,1714964128431,296,null
3295,1714964128136,1714964129440,1304,null
3296,1714964128219,1714964129440,1221,null
3297,1714964128220,1714964129440,1220,null
3298,1714964128232,1714964129440,1208,null
3299,1714964128232,1714964129440,1208,null
3300,1714964128233,1714964128844,611,null
3301,1714964128233,1714964128375,142,null
3302,1714964128234,1714964128437,203,null
3303,1714964128258,1714964128560,302,null
3304,1714964128271,1714964128435,164,null
3305,1714964128273,1714964128551,278,null
3306,1714964128316,1714964128551,235,null
3307,1714964128316,1714964128551,235,null
3308,1714964128316,1714964128551,235,null
3309,1714964128316,1714964128561,245,null
3310,1714964128316,1714964128560,244,null
3311,1714964128316,1714964128561,245,null
3312,1714964128317,1714964128561,244,null
3313,1714964128317,1714964128560,243,null
3314,1714964128317,1714964128561,244,null
3315,1714964128317,1714964128561,244,null
3316,1714964128318,1714964128561,243,null
3317,1714964128318,1714964128560,242,null
3318,1714964128379,1714964128561,182,null
3319,1714964128379,1714964128561,182,null
3320,1714964128379,1714964128551,172,null
3321,1714964128380,1714964128560,180,null
3322,1714964128380,1714964128561,181,null
3323,1714964128380,1714964128561,181,null
3324,1714964128380,1714964128561,181,null
3325,1714964128443,1714964128561,118,null
3326,1714964128494,1714964128561,67,null
3327,1714964128495,1714964128561,66,null
3328,1714964128496,1714964128566,70,null
3329,1714964128545,1714964128736,191,null
3330,1714964128546,1714964128615,69,null
3331,1714964128546,1714964129440,894,null
3332,1714964128547,1714964129440,893,null
3333,1714964128547,1714964129440,893,null
3334,1714964128548,1714964128661,113,null
3335,1714964128548,1714964129104,556,null
3336,1714964128549,1714964128677,128,null
3337,1714964128549,1714964128734,185,null
3338,1714964128550,1714964128736,186,null
3339,1714964128550,1714964128736,186,null
3340,1714964128551,1714964129440,889,null
3341,1714964128560,1714964129104,544,null
3342,1714964128563,1714964128669,106,null
3343,1714964128563,1714964128678,115,null
3344,1714964128563,1714964128689,126,null
3345,1714964128564,1714964129104,540,null
3346,1714964128564,1714964128736,172,null
3347,1714964128564,1714964129440,876,null
3348,1714964128564,1714964128736,172,null
3349,1714964128564,1714964129440,876,null
3350,1714964128564,1714964129440,876,null
3351,1714964128564,1714964128603,39,null
3352,1714964128564,1714964129440,876,null
3353,1714964128692,1714964129565,873,null
3354,1714964128713,1714964129545,832,null
3355,1714964128713,1714964129440,727,null
3356,1714964128713,1714964129440,727,null
3357,1714964128714,1714964129565,851,null
3358,1714964128714,1714964129565,851,null
3359,1714964128714,1714964129565,851,null
3360,1714964128714,1714964129565,851,null
3361,1714964128714,1714964129565,851,null
3362,1714964128714,1714964129565,851,null
3363,1714964128714,1714964129545,831,null
3364,1714964128715,1714964129545,830,null
3365,1714964128715,1714964129545,830,null
3366,1714964128715,1714964129545,830,null
3367,1714964128715,1714964129545,830,null
3368,1714964128715,1714964129545,830,null
3369,1714964128715,1714964129545,830,null
3370,1714964128715,1714964129415,700,null
3371,1714964128715,1714964128912,197,null
3372,1714964128715,1714964129545,830,null
3373,1714964128716,1714964129415,699,null
3374,1714964128716,1714964129439,723,null
3375,1714964128716,1714964129439,723,null
3376,1714964128716,1714964129415,699,null
3377,1714964128716,1714964129104,388,null
3378,1714964128716,1714964129105,389,null
3379,1714964128716,1714964129105,389,null
3380,1714964128716,1714964129105,389,null
3381,1714964128716,1714964129105,389,null
3382,1714964128717,1714964129105,388,null
3383,1714964128717,1714964129105,388,null
3384,1714964128717,1714964128845,128,null
3385,1714964128717,1714964128937,220,null
3386,1714964128717,1714964129545,828,null
3387,1714964128717,1714964129545,828,null
3388,1714964128717,1714964129415,698,null
3389,1714964128717,1714964129565,848,null
3390,1714964128717,1714964129439,722,null
3391,1714964128718,1714964129545,827,null
3392,1714964128718,1714964129415,697,null
3393,1714964128718,1714964129415,697,null
3394,1714964128718,1714964129439,721,null
3395,1714964128718,1714964129439,721,null
3396,1714964128718,1714964129439,721,null
3397,1714964128718,1714964129415,697,null
3398,1714964128719,1714964128923,204,null
3399,1714964128719,1714964129415,696,null
3400,1714964128719,1714964129439,720,null
3401,1714964128719,1714964129105,386,null
3402,1714964128719,1714964129371,652,null
3403,1714964128719,1714964129439,720,null
3404,1714964128719,1714964129439,720,null
3405,1714964128719,1714964129439,720,null
3406,1714964128719,1714964129545,826,null
3407,1714964128720,1714964129439,719,null
3408,1714964128727,1714964129368,641,null
3409,1714964128727,1714964129440,713,null
3410,1714964128727,1714964129440,713,null
3411,1714964128727,1714964129440,713,null
3412,1714964128728,1714964129105,377,null
3413,1714964128728,1714964129439,711,null
3414,1714964128728,1714964129439,711,null
3415,1714964128728,1714964129439,711,null
3416,1714964128728,1714964129114,386,null
3417,1714964128728,1714964129439,711,null
3418,1714964128729,1714964129440,711,null
3419,1714964128729,1714964129373,644,null
3420,1714964128729,1714964129440,711,null
3421,1714964128730,1714964129440,710,null
3422,1714964128769,1714964129565,796,null
3423,1714964128769,1714964129565,796,null
3424,1714964128773,1714964129565,792,null
3425,1714964128774,1714964129565,791,null
3426,1714964128774,1714964129545,771,null
3427,1714964128775,1714964129565,790,null
3428,1714964128775,1714964129565,790,null
3429,1714964128776,1714964129565,789,null
3430,1714964128776,1714964129565,789,null
3431,1714964128776,1714964129565,789,null
3432,1714964128777,1714964129545,768,null
3433,1714964128777,1714964128853,76,null
3434,1714964128777,1714964129440,663,null
3435,1714964128778,1714964129565,787,null
3436,1714964128778,1714964129415,637,null
3437,1714964128778,1714964129545,767,null
3438,1714964128779,1714964129545,766,null
3439,1714964128779,1714964129545,766,null
3440,1714964128779,1714964129545,766,null
3441,1714964128780,1714964129545,765,null
3442,1714964128780,1714964129545,765,null
3443,1714964128780,1714964129545,765,null
3444,1714964128781,1714964129545,764,null
3445,1714964128781,1714964129545,764,null
3446,1714964128782,1714964129545,763,null
3447,1714964128782,1714964129545,763,null
3448,1714964128782,1714964129545,763,null
3449,1714964128783,1714964129415,632,null
3450,1714964128865,1714964129104,239,null
3451,1714964128866,1714964129565,699,null
3452,1714964128867,1714964128985,118,null
3453,1714964128868,1714964129104,236,null
3454,1714964128869,1714964129545,676,null
3455,1714964128870,1714964129565,695,null
3456,1714964128870,1714964129439,569,null
3457,1714964128871,1714964129415,544,null
3458,1714964128872,1714964129415,543,null
3459,1714964128873,1714964129439,566,null
3460,1714964128874,1714964129437,563,null
3461,1714964128874,1714964129439,565,null
3462,1714964128875,1714964129439,564,null
3463,1714964128876,1714964129439,563,null
3464,1714964128877,1714964129439,562,null
3465,1714964128878,1714964129439,561,null
3466,1714964128879,1714964129415,536,null
3467,1714964128896,1714964129439,543,null
3468,1714964128897,1714964129439,542,null
3469,1714964128898,1714964129439,541,null
3470,1714964128899,1714964129439,540,null
3471,1714964128900,1714964129439,539,null
3472,1714964128901,1714964129439,538,null
3473,1714964128902,1714964129104,202,null
3474,1714964128902,1714964129105,203,null
3475,1714964128903,1714964129105,202,null
3476,1714964128904,1714964129105,201,null
3477,1714964128905,1714964129105,200,null
3478,1714964128905,1714964129105,200,null
3479,1714964128906,1714964129105,199,null
3480,1714964128906,1714964129105,199,null
3481,1714964128907,1714964129105,198,null
3482,1714964128908,1714964129440,532,null
3483,1714964128908,1714964129439,531,null
3484,1714964128909,1714964129439,530,null
3485,1714964128909,1714964129439,530,null
3486,1714964128910,1714964129439,529,null
3487,1714964128910,1714964129439,529,null
3488,1714964128911,1714964129439,528,null
3489,1714964128911,1714964129439,528,null
3490,1714964128913,1714964129439,526,null
3491,1714964128923,1714964129439,516,null
3492,1714964128923,1714964129439,516,null
3493,1714964128924,1714964129439,515,null
3494,1714964128924,1714964129439,515,null
3495,1714964128924,1714964129439,515,null
3496,1714964128924,1714964129439,515,null
3497,1714964128924,1714964129439,515,null
3498,1714964128924,1714964129440,516,null
3499,1714964128924,1714964129440,516,null
3500,1714964128925,1714964129440,515,null
3501,1714964128925,1714964129440,515,null
3502,1714964128925,1714964129415,490,null
3503,1714964128925,1714964129440,515,null
3504,1714964128925,1714964129440,515,null
3505,1714964128925,1714964129807,882,null
3506,1714964128925,1714964129440,515,null
3507,1714964128925,1714964129415,490,null
3508,1714964128926,1714964129440,514,null
3509,1714964129003,1714964129439,436,null
3510,1714964129003,1714964129440,437,null
3511,1714964129003,1714964129105,102,null
3512,1714964129003,1714964129440,437,null
3513,1714964129003,1714964129439,436,null
3514,1714964129003,1714964129440,437,null
3515,1714964129003,1714964129439,436,null
3516,1714964129003,1714964129439,436,null
3517,1714964129004,1714964129439,435,null
3518,1714964129004,1714964129439,435,null
3519,1714964129004,1714964129439,435,null
3520,1714964129004,1714964129439,435,null
3521,1714964129004,1714964129439,435,null
3522,1714964129004,1714964129439,435,null
3523,1714964129004,1714964129440,436,null
3524,1714964129004,1714964129440,436,null
3525,1714964129005,1714964129440,435,null
3526,1714964129005,1714964129440,435,null
3527,1714964129005,1714964129439,434,null
3528,1714964129005,1714964129439,434,null
3529,1714964129005,1714964129439,434,null
3530,1714964129005,1714964129440,435,null
3531,1714964129005,1714964129439,434,null
3532,1714964129005,1714964129440,435,null
3533,1714964129005,1714964129439,434,null
3534,1714964129006,1714964129440,434,null
3535,1714964129006,1714964129440,434,null
3536,1714964129006,1714964129440,434,null
3537,1714964129006,1714964129440,434,null
3538,1714964129006,1714964129440,434,null
3539,1714964129006,1714964129440,434,null
3540,1714964129006,1714964129440,434,null
3541,1714964129006,1714964129605,599,null
3542,1714964129006,1714964129545,539,null
3543,1714964129007,1714964129440,433,null
3544,1714964129007,1714964129440,433,null
3545,1714964129007,1714964129556,549,null
3546,1714964129007,1714964129440,433,null
3547,1714964129007,1714964129866,859,null
3548,1714964129007,1714964129440,433,null
3549,1714964129007,1714964130026,1019,null
3550,1714964129007,1714964129700,693,null
3551,1714964129007,1714964129440,433,null
3552,1714964129008,1714964129440,432,null
3553,1714964129008,1714964129861,853,null
3554,1714964129008,1714964129651,643,null
3555,1714964129008,1714964129440,432,null
3556,1714964129008,1714964129440,432,null
3557,1714964129008,1714964129440,432,null
3558,1714964129008,1714964129131,123,null
3559,1714964129008,1714964129440,432,null
3560,1714964129009,1714964129440,431,null
3561,1714964129009,1714964129440,431,null
3562,1714964129009,1714964129556,547,null
3563,1714964129009,1714964129440,431,null
3564,1714964129009,1714964129440,431,null
3565,1714964129009,1714964129440,431,null
3566,1714964129009,1714964129440,431,null
3567,1714964129009,1714964129440,431,null
3568,1714964129010,1714964129439,429,null
3569,1714964129010,1714964129440,430,null
3570,1714964129010,1714964129440,430,null
3571,1714964129010,1714964129440,430,null
3572,1714964129010,1714964129824,814,null
3573,1714964129010,1714964129846,836,null
3574,1714964129010,1714964129559,549,null
3575,1714964129010,1714964129440,430,null
3576,1714964129011,1714964129440,429,null
3577,1714964129011,1714964129440,429,null
3578,1714964129011,1714964129440,429,null
3579,1714964129011,1714964129440,429,null
3580,1714964129011,1714964129440,429,null
3581,1714964129011,1714964129440,429,null
3582,1714964129011,1714964129440,429,null
3583,1714964129011,1714964129440,429,null
3584,1714964129011,1714964129440,429,null
3585,1714964129012,1714964129440,428,null
3586,1714964129014,1714964129440,426,null
3587,1714964129014,1714964129440,426,null
3588,1714964129015,1714964129440,425,null
3589,1714964129015,1714964129440,425,null
3590,1714964129016,1714964129439,423,null
3591,1714964129017,1714964129439,422,null
3592,1714964129017,1714964129440,423,null
3593,1714964129017,1714964129439,422,null
3594,1714964129080,1714964129439,359,null
3595,1714964129080,1714964129439,359,null
3596,1714964129080,1714964129439,359,null
3597,1714964129080,1714964129439,359,null
3598,1714964129080,1714964129439,359,null
3599,1714964129081,1714964129440,359,null
3600,1714964129081,1714964129440,359,null
3601,1714964129081,1714964129440,359,null
3602,1714964129081,1714964129440,359,null
3603,1714964129081,1714964129440,359,null
3604,1714964129081,1714964129440,359,null
3605,1714964129081,1714964129440,359,null
3606,1714964129082,1714964129440,358,null
3607,1714964129082,1714964129440,358,null
3608,1714964129082,1714964129669,587,null
3609,1714964129082,1714964129440,358,null
3610,1714964129082,1714964129556,474,null
3611,1714964129082,1714964129439,357,null
3612,1714964129083,1714964129440,357,null
3613,1714964129083,1714964129439,356,null
3614,1714964129083,1714964129439,356,null
3615,1714964129083,1714964129439,356,null
3616,1714964129083,1714964129439,356,null
3617,1714964129083,1714964129439,356,null
3618,1714964129084,1714964129439,355,null
3619,1714964129084,1714964129439,355,null
3620,1714964129084,1714964129439,355,null
3621,1714964129084,1714964129439,355,null
3622,1714964129085,1714964129439,354,null
3623,1714964129085,1714964129439,354,null
3624,1714964129085,1714964129439,354,null
3625,1714964129086,1714964129439,353,null
3626,1714964129086,1714964129439,353,null
3627,1714964129089,1714964129439,350,null
3628,1714964129089,1714964129439,350,null
3629,1714964129090,1714964129439,349,null
3630,1714964129090,1714964129439,349,null
3631,1714964129090,1714964129439,349,null
3632,1714964129090,1714964129439,349,null
3633,1714964129091,1714964129439,348,null
3634,1714964129091,1714964129439,348,null
3635,1714964129091,1714964129439,348,null
3636,1714964129091,1714964129439,348,null
3637,1714964129091,1714964129439,348,null
3638,1714964129091,1714964129440,349,null
3639,1714964129092,1714964129439,347,null
3640,1714964129092,1714964129440,348,null
3641,1714964129100,1714964129440,340,null
3642,1714964129173,1714964129561,388,null
3643,1714964129173,1714964129556,383,null
3644,1714964129174,1714964129867,693,null
3645,1714964129174,1714964129581,407,null
3646,1714964129175,1714964130389,1214,null
3647,1714964129175,1714964129939,764,null
3648,1714964129175,1714964129593,418,null
3649,1714964129176,1714964129826,650,null
3650,1714964129176,1714964130804,1628,null
3651,1714964129176,1714964129794,618,null
3652,1714964129177,1714964129827,650,null
3653,1714964129177,1714964129832,655,null
3654,1714964129178,1714964129559,381,null
3655,1714964129178,1714964129682,504,null
3656,1714964129179,1714964130558,1379,null
3657,1714964129179,1714964129807,628,null
3658,1714964129180,1714964129826,646,null
3659,1714964129180,1714964129836,656,null
3660,1714964129181,1714964129707,526,null
3661,1714964129181,1714964129691,510,null
3662,1714964129182,1714964129633,451,null
3663,1714964129182,1714964129653,471,null
3664,1714964129183,1714964129440,257,null
3665,1714964129363,1714964129699,336,null
3666,1714964129363,1714964129806,443,null
3667,1714964129364,1714964129880,516,null
3668,1714964129365,1714964129655,290,null
3669,1714964129365,1714964129655,290,null
3670,1714964129366,1714964129629,263,null
3671,1714964129367,1714964129648,281,null
3672,1714964129368,1714964129680,312,null
3673,1714964129369,1714964129596,227,null
3674,1714964129369,1714964129662,293,null
3675,1714964129370,1714964129788,418,null
3676,1714964129370,1714964129629,259,null
3677,1714964129371,1714964129628,257,null
3678,1714964129372,1714964129812,440,null
3679,1714964129372,1714964129606,234,null
3680,1714964129373,1714964129593,220,null
3681,1714964129374,1714964130113,739,null
3682,1714964129420,1714964129759,339,null
3683,1714964129440,1714964129785,345,null
3684,1714964129440,1714964129780,340,null
3685,1714964129440,1714964129758,318,null
3686,1714964129440,1714964129731,291,null
3687,1714964129441,1714964129758,317,null
3688,1714964129441,1714964129788,347,null
3689,1714964129441,1714964129885,444,null
3690,1714964129441,1714964129970,529,null
3691,1714964129441,1714964129891,450,null
3692,1714964129442,1714964129890,448,null
3693,1714964129442,1714964129923,481,null
3694,1714964129442,1714964129934,492,null
3695,1714964129442,1714964130552,1110,null
3696,1714964129442,1714964129986,544,null
3697,1714964129443,1714964129722,279,null
3698,1714964129443,1714964129709,266,null
3699,1714964129443,1714964129971,528,null
3700,1714964129688,1714964129986,298,null
3701,1714964129693,1714964130724,1031,null
3702,1714964129703,1714964130562,859,null
3703,1714964129704,1714964130562,858,null
3704,1714964129704,1714964130109,405,null
3705,1714964129704,1714964130558,854,null
3706,1714964129704,1714964130801,1097,null
3707,1714964129704,1714964130558,854,null
3708,1714964129704,1714964130562,858,null
3709,1714964129705,1714964130562,857,null
3710,1714964129705,1714964130794,1089,null
3711,1714964129705,1714964130808,1103,null
3712,1714964129705,1714964129959,254,null
3713,1714964129705,1714964131476,1771,null
3714,1714964129705,1714964131476,1771,null
3715,1714964129705,1714964131476,1771,null
3716,1714964129706,1714964131477,1771,null
3717,1714964129706,1714964131324,1618,null
3718,1714964129706,1714964131324,1618,null
3719,1714964129706,1714964130558,852,null
3720,1714964129713,1714964131324,1611,null
3721,1714964129714,1714964131324,1610,null
3722,1714964129714,1714964131324,1610,null
3723,1714964129714,1714964131324,1610,null
3724,1714964129714,1714964131324,1610,null
3725,1714964129714,1714964131324,1610,null
3726,1714964129714,1714964130389,675,null
3727,1714964129714,1714964131324,1610,null
3728,1714964129715,1714964131324,1609,null
3729,1714964129727,1714964131324,1597,null
3730,1714964129730,1714964131324,1594,null
3731,1714964129731,1714964131324,1593,null
3732,1714964129731,1714964131324,1593,null
3733,1714964129731,1714964131324,1593,null
3734,1714964129731,1714964131324,1593,null
3735,1714964129754,1714964131324,1570,null
3736,1714964129764,1714964131324,1560,null
3737,1714964129772,1714964131324,1552,null
3738,1714964129772,1714964131324,1552,null
3739,1714964129772,1714964131324,1552,null
3740,1714964129774,1714964131324,1550,null
3741,1714964129774,1714964131324,1550,null
3742,1714964129774,1714964131324,1550,null
3743,1714964129774,1714964131476,1702,null
3744,1714964129775,1714964131323,1548,null
3745,1714964129775,1714964131073,1298,null
3746,1714964129775,1714964131073,1298,null
3747,1714964129775,1714964129955,180,null
3748,1714964129775,1714964131073,1298,null
3749,1714964129775,1714964131073,1298,null
3750,1714964129775,1714964131073,1298,null
3751,1714964129776,1714964131073,1297,null
3752,1714964129776,1714964131073,1297,null
3753,1714964129776,1714964131073,1297,null
3754,1714964129776,1714964130007,231,null
3755,1714964129780,1714964130551,771,null
3756,1714964129780,1714964130562,782,null
3757,1714964129780,1714964131476,1696,null
3758,1714964129780,1714964130917,1137,null
3759,1714964129780,1714964130562,782,null
3760,1714964129781,1714964130026,245,null
3761,1714964129781,1714964131477,1696,null
3762,1714964129781,1714964130547,766,null
3763,1714964129781,1714964130919,1138,null
3764,1714964129781,1714964131324,1543,null
3765,1714964129781,1714964131324,1543,null
3766,1714964129781,1714964131324,1543,null
3767,1714964129781,1714964131324,1543,null
3768,1714964129782,1714964131324,1542,null
3769,1714964129782,1714964131324,1542,null
3770,1714964129782,1714964131324,1542,null
3771,1714964129782,1714964131324,1542,null
3772,1714964129782,1714964131324,1542,null
3773,1714964129782,1714964131073,1291,null
3774,1714964129782,1714964131073,1291,null
3775,1714964129782,1714964129969,187,null
3776,1714964129783,1714964131073,1290,null
3777,1714964129783,1714964131073,1290,null
3778,1714964129783,1714964131073,1290,null
3779,1714964129783,1714964130556,773,null
3780,1714964129783,1714964130720,937,null
3781,1714964129783,1714964130549,766,null
3782,1714964129783,1714964130562,779,null
3783,1714964129783,1714964131476,1693,null
3784,1714964129783,1714964130554,771,null
3785,1714964129784,1714964131476,1692,null
3786,1714964129784,1714964130718,934,null
3787,1714964129784,1714964131324,1540,null
3788,1714964129784,1714964131324,1540,null
3789,1714964129784,1714964131324,1540,null
3790,1714964129784,1714964131324,1540,null
3791,1714964129784,1714964131324,1540,null
3792,1714964129784,1714964131324,1540,null
3793,1714964129784,1714964131324,1540,null
3794,1714964129785,1714964130558,773,null
3795,1714964129785,1714964131476,1691,null
3796,1714964129785,1714964131476,1691,null
3797,1714964129785,1714964131476,1691,null
3798,1714964129792,1714964131084,1292,null
3799,1714964129800,1714964131476,1676,null
3800,1714964129800,1714964131477,1677,null
3801,1714964129800,1714964131324,1524,null
3802,1714964129800,1714964131324,1524,null
3803,1714964129800,1714964131073,1273,null
3804,1714964129800,1714964131074,1274,null
3805,1714964129801,1714964131084,1283,null
3806,1714964129801,1714964130715,914,null
3807,1714964129801,1714964131476,1675,null
3808,1714964129801,1714964131477,1676,null
3809,1714964129801,1714964131324,1523,null
3810,1714964129803,1714964131324,1521,null
3811,1714964129803,1714964131324,1521,null
3812,1714964129803,1714964131324,1521,null
3813,1714964129804,1714964131324,1520,null
3814,1714964129804,1714964131324,1520,null
3815,1714964129804,1714964131324,1520,null
3816,1714964129804,1714964131324,1520,null
3817,1714964129804,1714964131324,1520,null
3818,1714964129804,1714964131084,1280,null
3819,1714964129804,1714964130544,740,null
3820,1714964129804,1714964130545,741,null
3821,1714964129805,1714964130558,753,null
3822,1714964129817,1714964131324,1507,null
3823,1714964129817,1714964131324,1507,null
3824,1714964129817,1714964131085,1268,null
3825,1714964129817,1714964131085,1268,null
3826,1714964129817,1714964131085,1268,null
3827,1714964129818,1714964131085,1267,null
3828,1714964129818,1714964131085,1267,null
3829,1714964129818,1714964131085,1267,null
3830,1714964129818,1714964131085,1267,null
3831,1714964129818,1714964131085,1267,null
3832,1714964129818,1714964131108,1290,null
3833,1714964129818,1714964131108,1290,null
3834,1714964129818,1714964131108,1290,null
3835,1714964129818,1714964130921,1103,null
3836,1714964129819,1714964131074,1255,null
3837,1714964129819,1714964131084,1265,null
3838,1714964129819,1714964131084,1265,null
3839,1714964129819,1714964131084,1265,null
3840,1714964129819,1714964131085,1266,null
3841,1714964129819,1714964131085,1266,null
3842,1714964129819,1714964131085,1266,null
3843,1714964129819,1714964131085,1266,null
3844,1714964129819,1714964131085,1266,null
3845,1714964129820,1714964131085,1265,null
3846,1714964129820,1714964131108,1288,null
3847,1714964129820,1714964131085,1265,null
3848,1714964129820,1714964131096,1276,null
3849,1714964129820,1714964131108,1288,null
3850,1714964129820,1714964131108,1288,null
3851,1714964129820,1714964131108,1288,null
3852,1714964129820,1714964131108,1288,null
3853,1714964129820,1714964131108,1288,null
3854,1714964129821,1714964131108,1287,null
3855,1714964129821,1714964131108,1287,null
3856,1714964129821,1714964131108,1287,null
3857,1714964129821,1714964130393,572,null
3858,1714964129821,1714964131477,1656,null
3859,1714964129821,1714964131476,1655,null
3860,1714964129821,1714964131476,1655,null
3861,1714964129821,1714964131476,1655,null
3862,1714964129821,1714964131324,1503,null
3863,1714964129822,1714964131324,1502,null
3864,1714964129822,1714964131324,1502,null
3865,1714964129822,1714964131324,1502,null
3866,1714964129822,1714964131324,1502,null
3867,1714964129822,1714964131324,1502,null
3868,1714964129822,1714964131324,1502,null
3869,1714964129822,1714964131324,1502,null
3870,1714964129822,1714964131324,1502,null
3871,1714964129822,1714964131073,1251,null
3872,1714964129855,1714964131073,1218,null
3873,1714964129855,1714964131073,1218,null
3874,1714964129855,1714964131073,1218,null
3875,1714964129855,1714964131073,1218,null
3876,1714964129856,1714964131074,1218,null
3877,1714964129860,1714964131084,1224,null
3878,1714964129860,1714964131084,1224,null
3879,1714964129860,1714964131084,1224,null
3880,1714964129860,1714964131073,1213,null
3881,1714964129860,1714964131074,1214,null
3882,1714964129860,1714964131084,1224,null
3883,1714964129861,1714964131084,1223,null
3884,1714964129861,1714964131084,1223,null
3885,1714964129861,1714964131084,1223,null
3886,1714964129861,1714964131084,1223,null
3887,1714964129861,1714964131084,1223,null
3888,1714964129862,1714964131084,1222,null
3889,1714964129863,1714964130111,248,null
3890,1714964129863,1714964131476,1613,null
3891,1714964129863,1714964131477,1614,null
3892,1714964129864,1714964131324,1460,null
3893,1714964129864,1714964131324,1460,null
3894,1714964129864,1714964131324,1460,null
3895,1714964129864,1714964131324,1460,null
3896,1714964129864,1714964131324,1460,null
3897,1714964129864,1714964131324,1460,null
3898,1714964129865,1714964131324,1459,null
3899,1714964129865,1714964131324,1459,null
3900,1714964129865,1714964131073,1208,null
3901,1714964129865,1714964131073,1208,null
3902,1714964129865,1714964131073,1208,null
3903,1714964129866,1714964131476,1610,null
3904,1714964129866,1714964130562,696,null
3905,1714964129866,1714964130797,931,null
3906,1714964129867,1714964131084,1217,null
3907,1714964129867,1714964131476,1609,null
3908,1714964129867,1714964131073,1206,null
3909,1714964129867,1714964131324,1457,null
3910,1714964129867,1714964131324,1457,null
3911,1714964129868,1714964131324,1456,null
3912,1714964129868,1714964131324,1456,null
3913,1714964129869,1714964131324,1455,null
3914,1714964129870,1714964131324,1454,null
3915,1714964129870,1714964131324,1454,null
3916,1714964129871,1714964131324,1453,null
3917,1714964129880,1714964131073,1193,null
3918,1714964129899,1714964131073,1174,null
3919,1714964129899,1714964131073,1174,null
3920,1714964129900,1714964131074,1174,null
3921,1714964129905,1714964131084,1179,null
3922,1714964129905,1714964131084,1179,null
3923,1714964129906,1714964131084,1178,null
3924,1714964129906,1714964131073,1167,null
3925,1714964129906,1714964131084,1178,null
3926,1714964129906,1714964131085,1179,null
3927,1714964129906,1714964131085,1179,null
3928,1714964129908,1714964131085,1177,null
3929,1714964129908,1714964131085,1177,null
3930,1714964129908,1714964131324,1416,null
3931,1714964129908,1714964131084,1176,null
3932,1714964129913,1714964131084,1171,null
3933,1714964129913,1714964131084,1171,null
3934,1714964129933,1714964131084,1151,null
3935,1714964129933,1714964131073,1140,null
3936,1714964129933,1714964131074,1141,null
3937,1714964129934,1714964131084,1150,null
3938,1714964129934,1714964131084,1150,null
3939,1714964129935,1714964131084,1149,null
3940,1714964129937,1714964131084,1147,null
3941,1714964129937,1714964131073,1136,null
3942,1714964129937,1714964131108,1171,null
3943,1714964129937,1714964131085,1148,null
3944,1714964129937,1714964131108,1171,null
3945,1714964129937,1714964131085,1148,null
3946,1714964129938,1714964131108,1170,null
3947,1714964129938,1714964131108,1170,null
3948,1714964129938,1714964131085,1147,null
3949,1714964129938,1714964131108,1170,null
3950,1714964129938,1714964131085,1147,null
3951,1714964129938,1714964131073,1135,null
3952,1714964129938,1714964131108,1170,null
3953,1714964129952,1714964131085,1133,null
3954,1714964129952,1714964131108,1156,null
3955,1714964129952,1714964131108,1156,null
3956,1714964129952,1714964131073,1121,null
3957,1714964129986,1714964131108,1122,null
3958,1714964130075,1714964131108,1033,null
3959,1714964130076,1714964131108,1032,null
3960,1714964130077,1714964131108,1031,null
3961,1714964130077,1714964131108,1031,null
3962,1714964130078,1714964131108,1030,null
3963,1714964130079,1714964131108,1029,null
3964,1714964130079,1714964131108,1029,null
3965,1714964130081,1714964131108,1027,null
3966,1714964130081,1714964131108,1027,null
3967,1714964130082,1714964131108,1026,null
3968,1714964130083,1714964131108,1025,null
3969,1714964130083,1714964131108,1025,null
3970,1714964130084,1714964131108,1024,null
3971,1714964130084,1714964131108,1024,null
3972,1714964130085,1714964131324,1239,null
3973,1714964130086,1714964131324,1238,null
3974,1714964130086,1714964131324,1238,null
3975,1714964130087,1714964131324,1237,null
3976,1714964130088,1714964131324,1236,null
3977,1714964130088,1714964131324,1236,null
3978,1714964130089,1714964131324,1235,null
3979,1714964130090,1714964131324,1234,null
3980,1714964130090,1714964131324,1234,null
3981,1714964130091,1714964131324,1233,null
3982,1714964130091,1714964131324,1233,null
3983,1714964130142,1714964131108,966,null
3984,1714964130142,1714964131085,943,null
3985,1714964130142,1714964131085,943,null
3986,1714964130143,1714964131108,965,null
3987,1714964130143,1714964131085,942,null
3988,1714964130143,1714964131108,965,null
3989,1714964130144,1714964131085,941,null
3990,1714964130144,1714964131108,964,null
3991,1714964130145,1714964131085,940,null
3992,1714964130145,1714964131108,963,null
3993,1714964130146,1714964131108,962,null
3994,1714964130146,1714964131108,962,null
3995,1714964130147,1714964131108,961,null
3996,1714964130147,1714964131108,961,null
3997,1714964130148,1714964131108,960,null
3998,1714964130148,1714964131108,960,null
3999,1714964130149,1714964131108,959,null
4000,1714964130149,1714964131108,959,null
4001,1714964130150,1714964131324,1174,null
4002,1714964130150,1714964131108,958,null
4003,1714964130151,1714964131108,957,null
4004,1714964130151,1714964131108,957,null
4005,1714964130152,1714964131108,956,null
4006,1714964130152,1714964131108,956,null
4007,1714964130153,1714964131108,955,null
4008,1714964130153,1714964131108,955,null
4009,1714964130154,1714964131108,954,null
4010,1714964130154,1714964131108,954,null
4011,1714964130155,1714964131108,953,null
4012,1714964130155,1714964131108,953,null
4013,1714964130156,1714964131108,952,null
4014,1714964130156,1714964131108,952,null
4015,1714964130156,1714964131108,952,null
4016,1714964130157,1714964131108,951,null
4017,1714964130157,1714964131108,951,null
4018,1714964130158,1714964131108,950,null
4019,1714964130158,1714964131108,950,null
4020,1714964130158,1714964131096,938,null
4021,1714964130159,1714964131108,949,null
4022,1714964130159,1714964131108,949,null
4023,1714964130160,1714964131494,1334,null
4024,1714964130160,1714964131496,1336,null
4025,1714964130160,1714964131108,948,null
4026,1714964130161,1714964131085,924,null
4027,1714964130161,1714964131085,924,null
4028,1714964130420,1714964131108,688,null
4029,1714964130420,1714964131108,688,null
4030,1714964130420,1714964131108,688,null
4031,1714964130421,1714964131108,687,null
4032,1714964130428,1714964131108,680,null
4033,1714964130428,1714964131324,896,null
4034,1714964130429,1714964131108,679,null
4035,1714964130429,1714964131108,679,null
4036,1714964130429,1714964131108,679,null
4037,1714964130429,1714964131108,679,null
4038,1714964130431,1714964131108,677,null
4039,1714964130431,1714964131108,677,null
4040,1714964130431,1714964131108,677,null
4041,1714964130432,1714964131108,676,null
4042,1714964130495,1714964131108,613,null
4043,1714964130495,1714964131108,613,null
4044,1714964130495,1714964131108,613,null
4045,1714964130496,1714964131108,612,null
4046,1714964130496,1714964131108,612,null
4047,1714964130497,1714964131108,611,null
4048,1714964130497,1714964131108,611,null
4049,1714964130498,1714964131108,610,null
4050,1714964130498,1714964131108,610,null
4051,1714964130498,1714964131108,610,null
4052,1714964130499,1714964131108,609,null
4053,1714964130499,1714964131108,609,null
4054,1714964130500,1714964131108,608,null
4055,1714964130500,1714964131108,608,null
4056,1714964130501,1714964131357,856,null
4057,1714964130501,1714964131108,607,null
4058,1714964130502,1714964131108,606,null
4059,1714964130502,1714964131108,606,null
4060,1714964130502,1714964131108,606,null
4061,1714964130503,1714964131108,605,null
4062,1714964130503,1714964131108,605,null
4063,1714964130503,1714964131108,605,null
4064,1714964130504,1714964131108,604,null
4065,1714964130504,1714964131108,604,null
4066,1714964130505,1714964131108,603,null
4067,1714964130505,1714964131324,819,null
4068,1714964130505,1714964131108,603,null
4069,1714964130506,1714964131108,602,null
4070,1714964130506,1714964131108,602,null
4071,1714964130506,1714964131108,602,null
4072,1714964130665,1714964131108,443,null
4073,1714964130728,1714964131108,380,null
4074,1714964130728,1714964131108,380,null
4075,1714964130730,1714964131108,378,null
4076,1714964130731,1714964131108,377,null
4077,1714964130731,1714964131108,377,null
4078,1714964130732,1714964131096,364,null
4079,1714964130732,1714964131496,764,null
4080,1714964130735,1714964131108,373,null
4081,1714964130736,1714964131096,360,null
4082,1714964130737,1714964131084,347,null
4083,1714964130737,1714964131496,759,null
4084,1714964130738,1714964131357,619,null
4085,1714964130738,1714964131496,758,null
4086,1714964130739,1714964131108,369,null
4087,1714964130856,1714964131108,252,null
4088,1714964130856,1714964131072,216,null
4089,1714964130857,1714964131108,251,null
4090,1714964130858,1714964131108,250,null
4091,1714964130858,1714964131496,638,null
4092,1714964130859,1714964131357,498,null
4093,1714964130859,1714964131108,249,null
4094,1714964130860,1714964131357,497,null
4095,1714964130860,1714964131108,248,null
4096,1714964130861,1714964131108,247,null
4097,1714964130861,1714964131667,806,null
4098,1714964130862,1714964131108,246,null
4099,1714964130862,1714964131698,836,null
4100,1714964130863,1714964131357,494,null
4101,1714964130863,1714964131496,633,null
4102,1714964130864,1714964131496,632,null
4103,1714964130864,1714964131357,493,null
4104,1714964130865,1714964131496,631,null
4105,1714964130866,1714964131667,801,null
4106,1714964130866,1714964131496,630,null
4107,1714964130867,1714964131496,629,null
4108,1714964130867,1714964131496,629,null
4109,1714964130868,1714964131492,624,null
4110,1714964130868,1714964131496,628,null
4111,1714964130869,1714964131496,627,null
4112,1714964130869,1714964131497,628,null
4113,1714964130870,1714964131729,859,null
4114,1714964130870,1714964131527,657,null
4115,1714964130871,1714964131729,858,null
4116,1714964130871,1714964131496,625,null
4117,1714964130872,1714964131511,639,null
4118,1714964130872,1714964131585,713,null
4119,1714964130873,1714964131667,794,null
4120,1714964130874,1714964131496,622,null
4121,1714964130874,1714964131693,819,null
4122,1714964130874,1714964131357,483,null
4123,1714964130875,1714964131729,854,null
4124,1714964130938,1714964131496,558,null
4125,1714964130938,1714964131496,558,null
4126,1714964130939,1714964131499,560,null
4127,1714964130939,1714964131496,557,null
4128,1714964130939,1714964131496,557,null
4129,1714964130939,1714964131496,557,null
4130,1714964130939,1714964131544,605,null
4131,1714964130939,1714964131543,604,null
4132,1714964130939,1714964131496,557,null
4133,1714964130939,1714964131699,760,null
4134,1714964130940,1714964131496,556,null
4135,1714964130940,1714964131726,786,null
4136,1714964130940,1714964131496,556,null
4137,1714964130940,1714964131496,556,null
4138,1714964130940,1714964131667,727,null
4139,1714964130940,1714964131357,417,null
4140,1714964130940,1714964131729,789,null
4141,1714964130940,1714964131496,556,null
4142,1714964130941,1714964131667,726,null
4143,1714964130941,1714964131667,726,null
4144,1714964130941,1714964131496,555,null
4145,1714964130941,1714964131667,726,null
4146,1714964130941,1714964131667,726,null
4147,1714964130941,1714964131496,555,null
4148,1714964130941,1714964131689,748,null
4149,1714964130941,1714964131729,788,null
4150,1714964130941,1714964131729,788,null
4151,1714964130942,1714964131877,935,null
4152,1714964130942,1714964131496,554,null
4153,1714964130942,1714964131496,554,null
4154,1714964130942,1714964131706,764,null
4155,1714964130942,1714964131729,787,null
4156,1714964130942,1714964131496,554,null
4157,1714964130942,1714964131496,554,null
4158,1714964130943,1714964131729,786,null
4159,1714964130943,1714964131729,786,null
4160,1714964130943,1714964131726,783,null
4161,1714964130943,1714964131708,765,null
4162,1714964130944,1714964131496,552,null
4163,1714964130944,1714964131729,785,null
4164,1714964130944,1714964131729,785,null
4165,1714964130944,1714964131729,785,null
4166,1714964130945,1714964131704,759,null
4167,1714964130945,1714964131729,784,null
4168,1714964130945,1714964131729,784,null
4169,1714964130945,1714964131729,784,null
4170,1714964130945,1714964131729,784,null
4171,1714964130945,1714964131729,784,null
4172,1714964130945,1714964131357,412,null
4173,1714964130945,1714964131729,784,null
4174,1714964130945,1714964131500,555,null
4175,1714964130946,1714964131702,756,null
4176,1714964130946,1714964131556,610,null
4177,1714964130946,1714964131558,612,null
4178,1714964130946,1714964131667,721,null
4179,1714964130946,1714964131496,550,null
4180,1714964130946,1714964131496,550,null
4181,1714964130946,1714964131496,550,null
4182,1714964130946,1714964131496,550,null
4183,1714964130946,1714964131667,721,null
4184,1714964130946,1714964131667,721,null
4185,1714964130947,1714964131729,782,null
4186,1714964130947,1714964131496,549,null
4187,1714964130947,1714964131729,782,null
4188,1714964130947,1714964131496,549,null
4189,1714964130947,1714964131496,549,null
4190,1714964130947,1714964131496,549,null
4191,1714964130947,1714964131496,549,null
4192,1714964130947,1714964131496,549,null
4193,1714964130947,1714964131667,720,null
4194,1714964130948,1714964131667,719,null
4195,1714964131092,1714964131729,637,null
4196,1714964131092,1714964131729,637,null
4197,1714964131092,1714964131496,404,null
4198,1714964131092,1714964131700,608,null
4199,1714964131092,1714964131496,404,null
4200,1714964131092,1714964131729,637,null
4201,1714964131096,1714964131496,400,null
4202,1714964131096,1714964131729,633,null
4203,1714964131096,1714964131729,633,null
4204,1714964131096,1714964131558,462,null
4205,1714964131096,1714964131729,633,null
4206,1714964131096,1714964131729,633,null
4207,1714964131097,1714964131729,632,null
4208,1714964131097,1714964131723,626,null
4209,1714964131100,1714964131726,626,null
4210,1714964131100,1714964131729,629,null
4211,1714964131600,1714964131729,129,null
4212,1714964131628,1714964131699,71,null
4213,1714964131629,1714964131799,170,null
4214,1714964131629,1714964131729,100,null
4215,1714964131629,1714964131807,178,null
4216,1714964131629,1714964131877,248,null
4217,1714964131629,1714964131877,248,null
4218,1714964131630,1714964131877,247,null
4219,1714964131630,1714964131877,247,null
4220,1714964131631,1714964131877,246,null
4221,1714964131631,1714964131877,246,null
4222,1714964131631,1714964131877,246,null
4223,1714964131631,1714964131877,246,null
4224,1714964131631,1714964131877,246,null
4225,1714964131631,1714964131877,246,null
4226,1714964131632,1714964131816,184,null
4227,1714964131632,1714964131877,245,null
4228,1714964131632,1714964131877,245,null
4229,1714964131632,1714964131877,245,null
4230,1714964131634,1714964131877,243,null
4231,1714964131634,1714964131877,243,null
4232,1714964131635,1714964131877,242,null
4233,1714964131635,1714964131877,242,null
4234,1714964131635,1714964132014,379,null
4235,1714964131636,1714964131730,94,null
4236,1714964131636,1714964131729,93,null
4237,1714964131636,1714964131743,107,null
4238,1714964131716,1714964131739,23,null
4239,1714964131716,1714964131750,34,null
4240,1714964131717,1714964131758,41,null
4241,1714964131718,1714964131768,50,null
4242,1714964131718,1714964131877,159,null
4243,1714964131719,1714964131777,58,null
4244,1714964131719,1714964131877,158,null
4245,1714964131720,1714964131785,65,null
4246,1714964131722,1714964131813,91,null
4247,1714964131723,1714964131877,154,null
4248,1714964131723,1714964131867,144,null
4249,1714964131723,1714964131877,154,null
4250,1714964131724,1714964131795,71,null
4251,1714964131725,1714964131877,152,null
4252,1714964131728,1714964131877,149,null
4253,1714964131788,1714964131877,89,null
4254,1714964131788,1714964131877,89,null
4255,1714964131796,1714964131877,81,null
4256,1714964131796,1714964131877,81,null
4257,1714964131796,1714964131877,81,null
4258,1714964131796,1714964131877,81,null
4259,1714964131796,1714964131877,81,null
4260,1714964131796,1714964131877,81,null
4261,1714964131797,1714964131953,156,null
4262,1714964131797,1714964131880,83,null
4263,1714964131797,1714964131947,150,null
4264,1714964131797,1714964131877,80,null
4265,1714964131797,1714964132022,225,null
4266,1714964131797,1714964132029,232,null
4267,1714964131797,1714964132015,218,null
4268,1714964131798,1714964132029,231,null
4269,1714964131798,1714964132022,224,null
4270,1714964131804,1714964132030,226,null
4271,1714964131804,1714964132029,225,null
4272,1714964131804,1714964132029,225,null
4273,1714964131804,1714964132029,225,null
4274,1714964131804,1714964132030,226,null
4275,1714964131804,1714964132030,226,null
4276,1714964131805,1714964132030,225,null
4277,1714964131805,1714964132017,212,null
4278,1714964131805,1714964131948,143,null
4279,1714964131805,1714964132019,214,null
4280,1714964131808,1714964131955,147,null
4281,1714964131808,1714964132029,221,null
4282,1714964131808,1714964132029,221,null
4283,1714964131808,1714964131877,69,null
4284,1714964131809,1714964132029,220,null
4285,1714964131839,1714964132030,191,null
4286,1714964131840,1714964132379,539,null
4287,1714964131840,1714964132379,539,null
4288,1714964131841,1714964132029,188,null
4289,1714964131841,1714964132325,484,null
4290,1714964131842,1714964132379,537,null
4291,1714964131842,1714964132379,537,null
4292,1714964131843,1714964132071,228,null
4293,1714964131843,1714964132379,536,null
4294,1714964131844,1714964132379,535,null
4295,1714964131844,1714964132379,535,null
4296,1714964131845,1714964132379,534,null
4297,1714964131845,1714964132379,534,null
4298,1714964131846,1714964132379,533,null
4299,1714964131846,1714964132379,533,null
4300,1714964131847,1714964132379,532,null
4301,1714964131848,1714964132379,531,null
4302,1714964131848,1714964132379,531,null
4303,1714964131849,1714964132379,530,null
4304,1714964131849,1714964132379,530,null
4305,1714964131850,1714964132379,529,null
4306,1714964131850,1714964132379,529,null
4307,1714964131851,1714964132379,528,null
4308,1714964131851,1714964132379,528,null
4309,1714964131852,1714964132379,527,null
4310,1714964131852,1714964132379,527,null
4311,1714964131853,1714964132379,526,null
4312,1714964131853,1714964132379,526,null
4313,1714964131854,1714964131944,90,null
4314,1714964131933,1714964132029,96,null
4315,1714964131933,1714964132030,97,null
4316,1714964131933,1714964132030,97,null
4317,1714964131933,1714964132066,133,null
4318,1714964131934,1714964132379,445,null
4319,1714964131934,1714964132379,445,null
4320,1714964131934,1714964132379,445,null
4321,1714964131934,1714964132379,445,null
4322,1714964131934,1714964132075,141,null
4323,1714964131934,1714964132214,280,null
4324,1714964131934,1714964132029,95,null
4325,1714964131935,1714964132379,444,null
4326,1714964131939,1714964132219,280,null
4327,1714964131939,1714964132379,440,null
4328,1714964131939,1714964132379,440,null
4329,1714964131941,1714964132379,438,null
4330,1714964131941,1714964132379,438,null
4331,1714964131941,1714964132379,438,null
4332,1714964131942,1714964132379,437,null
4333,1714964131943,1714964132029,86,null
4334,1714964131944,1714964132029,85,null
4335,1714964131966,1714964132379,413,null
4336,1714964131997,1714964132379,382,null
4337,1714964131997,1714964132379,382,null
4338,1714964131997,1714964132379,382,null
4339,1714964131997,1714964132379,382,null
4340,1714964131997,1714964132379,382,null
4341,1714964131997,1714964132379,382,null
4342,1714964131997,1714964132379,382,null
4343,1714964131997,1714964132379,382,null
4344,1714964131998,1714964132379,381,null
4345,1714964131998,1714964132379,381,null
4346,1714964131998,1714964132379,381,null
4347,1714964131998,1714964132379,381,null
4348,1714964131998,1714964132379,381,null
4349,1714964131998,1714964132379,381,null
4350,1714964131998,1714964132379,381,null
4351,1714964131998,1714964132379,381,null
4352,1714964131998,1714964132379,381,null
4353,1714964131999,1714964132379,380,null
4354,1714964131999,1714964132379,380,null
4355,1714964131999,1714964132379,380,null
4356,1714964131999,1714964132379,380,null
4357,1714964131999,1714964132379,380,null
4358,1714964131999,1714964132379,380,null
4359,1714964131999,1714964132379,380,null
4360,1714964131999,1714964132379,380,null
4361,1714964131999,1714964132379,380,null
4362,1714964131999,1714964132379,380,null
4363,1714964132000,1714964132379,379,null
4364,1714964132000,1714964132379,379,null
4365,1714964132000,1714964132214,214,null
4366,1714964132000,1714964132379,379,null
4367,1714964132000,1714964132379,379,null
4368,1714964132000,1714964132379,379,null
4369,1714964132001,1714964132379,378,null
4370,1714964132001,1714964132379,378,null
4371,1714964132001,1714964132379,378,null
4372,1714964132001,1714964132379,378,null
4373,1714964132001,1714964132379,378,null
4374,1714964132001,1714964132379,378,null
4375,1714964132001,1714964132379,378,null
4376,1714964132001,1714964132379,378,null
4377,1714964132002,1714964132379,377,null
4378,1714964132002,1714964132379,377,null
4379,1714964132002,1714964132379,377,null
4380,1714964132002,1714964132379,377,null
4381,1714964132002,1714964132379,377,null
4382,1714964132002,1714964132379,377,null
4383,1714964132002,1714964132379,377,null
4384,1714964132003,1714964132379,376,null
4385,1714964132003,1714964132379,376,null
4386,1714964132003,1714964132379,376,null
4387,1714964132003,1714964132379,376,null
4388,1714964132003,1714964132379,376,null
4389,1714964132003,1714964132379,376,null
4390,1714964132003,1714964132379,376,null
4391,1714964132004,1714964132379,375,null
4392,1714964132004,1714964132379,375,null
4393,1714964132004,1714964132379,375,null
4394,1714964132004,1714964132379,375,null
4395,1714964132004,1714964132379,375,null
4396,1714964132004,1714964132379,375,null
4397,1714964132005,1714964132379,374,null
4398,1714964132005,1714964132379,374,null
4399,1714964132005,1714964132379,374,null
4400,1714964132005,1714964132379,374,null
4401,1714964132005,1714964132379,374,null
4402,1714964132005,1714964132379,374,null
4403,1714964132006,1714964132379,373,null
4404,1714964132008,1714964132379,371,null
4405,1714964132008,1714964132379,371,null
4406,1714964132008,1714964132379,371,null
4407,1714964132008,1714964132379,371,null
4408,1714964132008,1714964132379,371,null
4409,1714964132009,1714964132379,370,null
4410,1714964132009,1714964132379,370,null
4411,1714964132009,1714964132379,370,null
4412,1714964132009,1714964132379,370,null
4413,1714964132009,1714964132379,370,null
4414,1714964132118,1714964132379,261,null
4415,1714964132118,1714964132379,261,null
4416,1714964132119,1714964132379,260,null
4417,1714964132119,1714964132379,260,null
4418,1714964132119,1714964132641,522,null
4419,1714964132120,1714964132379,259,null
4420,1714964132120,1714964132379,259,null
4421,1714964132121,1714964132379,258,null
4422,1714964132121,1714964132640,519,null
4423,1714964132122,1714964132379,257,null
4424,1714964132122,1714964132379,257,null
4425,1714964132123,1714964132379,256,null
4426,1714964132123,1714964132379,256,null
4427,1714964132123,1714964132641,518,null
4428,1714964132124,1714964132454,330,null
4429,1714964132125,1714964132463,338,null
4430,1714964132125,1714964132622,497,null
4431,1714964132125,1714964132640,515,null
4432,1714964132126,1714964132641,515,null
4433,1714964132126,1714964132641,515,null
4434,1714964132127,1714964132641,514,null
4435,1714964132128,1714964132687,559,null
4436,1714964132128,1714964132379,251,null
4437,1714964132129,1714964132379,250,null
4438,1714964132283,1714964132403,120,null
4439,1714964132283,1714964132379,96,null
4440,1714964132284,1714964132421,137,null
4441,1714964132284,1714964132641,357,null
4442,1714964132285,1714964132607,322,null
4443,1714964132285,1714964132641,356,null
4444,1714964132286,1714964132641,355,null
4445,1714964132286,1714964132641,355,null
4446,1714964132287,1714964132641,354,null
4447,1714964132287,1714964132613,326,null
4448,1714964132288,1714964132641,353,null
4449,1714964132288,1714964132641,353,null
4450,1714964132289,1714964132641,352,null
4451,1714964132290,1714964132641,351,null
4452,1714964132290,1714964132641,351,null
4453,1714964132291,1714964132637,346,null
4454,1714964132291,1714964132640,349,null
4455,1714964132292,1714964132641,349,null
4456,1714964132292,1714964132696,404,null
4457,1714964132293,1714964132641,348,null
4458,1714964132293,1714964132640,347,null
4459,1714964132294,1714964132641,347,null
4460,1714964132294,1714964132641,347,null
4461,1714964132295,1714964132696,401,null
4462,1714964132295,1714964132379,84,null
4463,1714964132296,1714964132640,344,null
4464,1714964132296,1714964132419,123,null
4465,1714964132297,1714964132433,136,null
4466,1714964132297,1714964132441,144,null
4467,1714964132298,1714964132454,156,null
4468,1714964132298,1714964132462,164,null
4469,1714964132299,1714964132470,171,null
4470,1714964132299,1714964132479,180,null
4471,1714964132300,1714964132612,312,null
4472,1714964132300,1714964132696,396,null
4473,1714964132301,1714964132640,339,null
4474,1714964132301,1714964132641,340,null
4475,1714964132302,1714964132379,77,null
4476,1714964132331,1714964132630,299,null
4477,1714964132364,1714964132641,277,null
4478,1714964132365,1714964132641,276,null
4479,1714964132365,1714964132641,276,null
4480,1714964132366,1714964132641,275,null
4481,1714964132366,1714964132696,330,null
4482,1714964132367,1714964132640,273,null
4483,1714964132367,1714964132641,274,null
4484,1714964132368,1714964132640,272,null
4485,1714964132368,1714964132641,273,null
4486,1714964132369,1714964132641,272,null
4487,1714964132369,1714964132641,272,null
4488,1714964132370,1714964132696,326,null
4489,1714964132370,1714964132640,270,null
4490,1714964132371,1714964132641,270,null
4491,1714964132371,1714964132641,270,null
4492,1714964132372,1714964132640,268,null
4493,1714964132373,1714964132641,268,null
4494,1714964132373,1714964132696,323,null
4495,1714964132374,1714964132641,267,null
4496,1714964132375,1714964132685,310,null
4497,1714964132571,1714964132716,145,null
4498,1714964132572,1714964132710,138,null
4499,1714964132572,1714964132711,139,null
4500,1714964132637,1714964132740,103,null
4501,1714964132640,1714964132915,275,null
4502,1714964132641,1714964132803,162,null
4503,1714964132641,1714964132733,92,null
4504,1714964132641,1714964132824,183,null
4505,1714964132641,1714964132737,96,null
4506,1714964132641,1714964133029,388,null
4507,1714964132700,1714964132786,86,null
4508,1714964132700,1714964132805,105,null
4509,1714964132700,1714964132830,130,null
4510,1714964132700,1714964132801,101,null
4511,1714964132700,1714964132819,119,null
4512,1714964132700,1714964132817,117,null
4513,1714964132700,1714964132830,130,null
4514,1714964132701,1714964132830,129,null
4515,1714964132701,1714964132800,99,null
4516,1714964132701,1714964132813,112,null
4517,1714964132701,1714964132822,121,null
4518,1714964132701,1714964132826,125,null
4519,1714964132701,1714964132847,146,null
4520,1714964132701,1714964132845,144,null
4521,1714964132701,1714964132830,129,null
4522,1714964132701,1714964132830,129,null
4523,1714964132702,1714964132854,152,null
4524,1714964132702,1714964132849,147,null
4525,1714964132702,1714964132915,213,null
4526,1714964132702,1714964132915,213,null
4527,1714964132702,1714964132871,169,null
4528,1714964132702,1714964132871,169,null
4529,1714964132702,1714964132975,273,null
4530,1714964132702,1714964133029,327,null
4531,1714964132702,1714964132922,220,null
4532,1714964132703,1714964132915,212,null
4533,1714964132703,1714964132886,183,null
4534,1714964132703,1714964132828,125,null
4535,1714964132703,1714964132915,212,null
4536,1714964132703,1714964132852,149,null
4537,1714964132703,1714964132915,212,null
4538,1714964132703,1714964132915,212,null
4539,1714964132703,1714964132915,212,null
4540,1714964132704,1714964132815,111,null
4541,1714964132724,1714964132871,147,null
4542,1714964132728,1714964132915,187,null
4543,1714964132728,1714964132892,164,null
4544,1714964132728,1714964132915,187,null
4545,1714964132728,1714964132888,160,null
4546,1714964132728,1714964132915,187,null
4547,1714964132728,1714964132851,123,null
4548,1714964132729,1714964132915,186,null
4549,1714964132729,1714964132915,186,null
4550,1714964132729,1714964133029,300,null
4551,1714964132729,1714964132871,142,null
4552,1714964132729,1714964132915,186,null
4553,1714964132729,1714964132830,101,null
4554,1714964132730,1714964132835,105,null
4555,1714964132730,1714964132830,100,null
4556,1714964132731,1714964132915,184,null
4557,1714964132732,1714964132871,139,null
4558,1714964132732,1714964132915,183,null
4559,1714964132732,1714964132830,98,null
4560,1714964132741,1714964132830,89,null
4561,1714964132789,1714964132915,126,null
4562,1714964132836,1714964133029,193,null
4563,1714964132936,1714964133029,93,null
4564,1714964132936,1714964133120,184,null
4565,1714964132936,1714964133029,93,null
4566,1714964132936,1714964133029,93,null
4567,1714964132936,1714964133029,93,null
4568,1714964132936,1714964133490,554,null
4569,1714964132936,1714964133517,581,null
4570,1714964132937,1714964133029,92,null
4571,1714964132937,1714964133029,92,null
4572,1714964132937,1714964133029,92,null
4573,1714964132937,1714964133121,184,null
4574,1714964132937,1714964133029,92,null
4575,1714964132937,1714964133506,569,null
4576,1714964132937,1714964133029,92,null
4577,1714964132937,1714964133029,92,null
4578,1714964132937,1714964133973,1036,null
4579,1714964132938,1714964133983,1045,null
4580,1714964132938,1714964133493,555,null
4581,1714964132938,1714964133124,186,null
4582,1714964132938,1714964133513,575,null
4583,1714964132938,1714964133981,1043,null
4584,1714964132938,1714964133129,191,null
4585,1714964132938,1714964133140,202,null
4586,1714964132938,1714964133243,305,null
4587,1714964132938,1714964133249,311,null
4588,1714964132939,1714964133488,549,null
4589,1714964132939,1714964133509,570,null
4590,1714964132939,1714964133517,578,null
4591,1714964132939,1714964133126,187,null
4592,1714964132939,1714964133084,145,null
4593,1714964132939,1714964133131,192,null
4594,1714964132939,1714964133029,90,null
4595,1714964132939,1714964133242,303,null
4596,1714964132939,1714964133029,90,null
4597,1714964132940,1714964133970,1030,null
4598,1714964132952,1714964133246,294,null
4599,1714964132953,1714964133481,528,null
4600,1714964132953,1714964133498,545,null
4601,1714964132953,1714964133517,564,null
4602,1714964132954,1714964133608,654,null
4603,1714964132954,1714964133608,654,null
4604,1714964132954,1714964133608,654,null
4605,1714964132954,1714964133609,655,null
4606,1714964132955,1714964133608,653,null
4607,1714964132955,1714964133517,562,null
4608,1714964132955,1714964133609,654,null
4609,1714964132956,1714964133517,561,null
4610,1714964132956,1714964133517,561,null
4611,1714964132956,1714964133517,561,null
4612,1714964132956,1714964133517,561,null
4613,1714964132957,1714964133517,560,null
4614,1714964132957,1714964133517,560,null
4615,1714964132957,1714964133517,560,null
4616,1714964132958,1714964133517,559,null
4617,1714964132958,1714964133575,617,null
4618,1714964132958,1714964133575,617,null
4619,1714964132958,1714964133517,559,null
4620,1714964132959,1714964133575,616,null
4621,1714964132959,1714964133609,650,null
4622,1714964132959,1714964133607,648,null
4623,1714964132960,1714964133607,647,null
4624,1714964132960,1714964133607,647,null
4625,1714964132960,1714964133608,648,null
4626,1714964132960,1714964133608,648,null
4627,1714964132961,1714964133575,614,null
4628,1714964132961,1714964134035,1074,null
4629,1714964132961,1714964133608,647,null
4630,1714964132961,1714964133608,647,null
4631,1714964132963,1714964133608,645,null
4632,1714964132963,1714964133608,645,null
4633,1714964132963,1714964133608,645,null
4634,1714964132963,1714964133608,645,null
4635,1714964132963,1714964133517,554,null
4636,1714964132963,1714964133979,1016,null
4637,1714964132964,1714964133609,645,null
4638,1714964132964,1714964133609,645,null
4639,1714964132964,1714964133609,645,null
4640,1714964132965,1714964133609,644,null
4641,1714964132965,1714964133253,288,null
4642,1714964133005,1714964133502,497,null
4643,1714964133005,1714964133517,512,null
4644,1714964133005,1714964133517,512,null
4645,1714964133006,1714964133575,569,null
4646,1714964133006,1714964133517,511,null
4647,1714964133006,1714964133517,511,null
4648,1714964133006,1714964133517,511,null
4649,1714964133006,1714964133517,511,null
4650,1714964133006,1714964133517,511,null
4651,1714964133007,1714964133517,510,null
4652,1714964133007,1714964133517,510,null
4653,1714964133007,1714964133517,510,null
4654,1714964133007,1714964133575,568,null
4655,1714964133007,1714964133575,568,null
4656,1714964133007,1714964133485,478,null
4657,1714964133008,1714964133575,567,null
4658,1714964133010,1714964133575,565,null
4659,1714964133010,1714964133575,565,null
4660,1714964133010,1714964133607,597,null
4661,1714964133011,1714964133607,596,null
4662,1714964133011,1714964133607,596,null
4663,1714964133012,1714964133793,781,null
4664,1714964133012,1714964133608,596,null
4665,1714964133013,1714964133608,595,null
4666,1714964133013,1714964133608,595,null
4667,1714964133013,1714964134605,1592,null
4668,1714964133013,1714964133608,595,null
4669,1714964133014,1714964133609,595,null
4670,1714964133014,1714964133608,594,null
4671,1714964133014,1714964133608,594,null
4672,1714964133014,1714964133608,594,null
4673,1714964133014,1714964133609,595,null
4674,1714964133015,1714964133608,593,null
4675,1714964133015,1714964133608,593,null
4676,1714964133015,1714964133608,593,null
4677,1714964133015,1714964133608,593,null
4678,1714964133016,1714964133608,592,null
4679,1714964133016,1714964133608,592,null
4680,1714964133017,1714964133608,591,null
4681,1714964133017,1714964133609,592,null
4682,1714964133018,1714964133608,590,null
4683,1714964133018,1714964133608,590,null
4684,1714964133018,1714964133608,590,null
4685,1714964133019,1714964133608,589,null
4686,1714964133019,1714964133608,589,null
4687,1714964133019,1714964133608,589,null
4688,1714964133020,1714964133608,588,null
4689,1714964133020,1714964133608,588,null
4690,1714964133020,1714964133608,588,null
4691,1714964133021,1714964133609,588,null
4692,1714964133021,1714964133608,587,null
4693,1714964133022,1714964133608,586,null
4694,1714964133022,1714964133608,586,null
4695,1714964133023,1714964133608,585,null
4696,1714964133023,1714964133646,623,null
4697,1714964133023,1714964133608,585,null
4698,1714964133024,1714964133608,584,null
4699,1714964133024,1714964133608,584,null
4700,1714964133024,1714964133608,584,null
4701,1714964133025,1714964133608,583,null
4702,1714964133025,1714964133608,583,null
4703,1714964133026,1714964133608,582,null
4704,1714964133026,1714964133517,491,null
4705,1714964133068,1714964133517,449,null
4706,1714964133068,1714964133517,449,null
4707,1714964133069,1714964133397,328,null
4708,1714964133069,1714964133517,448,null
4709,1714964133070,1714964133517,447,null
4710,1714964133070,1714964133517,447,null
4711,1714964133071,1714964133517,446,null
4712,1714964133071,1714964133575,504,null
4713,1714964133072,1714964133517,445,null
4714,1714964133072,1714964133517,445,null
4715,1714964133073,1714964133517,444,null
4716,1714964133073,1714964133517,444,null
4717,1714964133074,1714964133517,443,null
4718,1714964133074,1714964133517,443,null
4719,1714964133074,1714964133607,533,null
4720,1714964133075,1714964133517,442,null
4721,1714964133075,1714964133517,442,null
4722,1714964133076,1714964133517,441,null
4723,1714964133076,1714964133575,499,null
4724,1714964133077,1714964133575,498,null
4725,1714964133077,1714964133575,498,null
4726,1714964133078,1714964133575,497,null
4727,1714964133078,1714964133575,497,null
4728,1714964133079,1714964133575,496,null
4729,1714964133079,1714964133607,528,null
4730,1714964133080,1714964133575,495,null
4731,1714964133098,1714964133517,419,null
4732,1714964133099,1714964133517,418,null
4733,1714964133099,1714964133517,418,null
4734,1714964133099,1714964133517,418,null
4735,1714964133100,1714964133517,417,null
4736,1714964133100,1714964133607,507,null
4737,1714964133100,1714964133608,508,null
4738,1714964133101,1714964133575,474,null
4739,1714964133101,1714964133968,867,null
4740,1714964133101,1714964133607,506,null
4741,1714964133102,1714964133607,505,null
4742,1714964133102,1714964133608,506,null
4743,1714964133102,1714964133608,506,null
4744,1714964133103,1714964133608,505,null
4745,1714964133103,1714964133608,505,null
4746,1714964133103,1714964133608,505,null
4747,1714964133104,1714964133608,504,null
4748,1714964133104,1714964133608,504,null
4749,1714964133104,1714964133609,505,null
4750,1714964133105,1714964133608,503,null
4751,1714964133105,1714964133608,503,null
4752,1714964133106,1714964133608,502,null
4753,1714964133106,1714964133609,503,null
4754,1714964133106,1714964133608,502,null
4755,1714964133107,1714964133609,502,null
4756,1714964133107,1714964133608,501,null
4757,1714964133107,1714964133608,501,null
4758,1714964133108,1714964133609,501,null
4759,1714964133108,1714964133608,500,null
4760,1714964133108,1714964133608,500,null
4761,1714964133109,1714964133608,499,null
4762,1714964133109,1714964133608,499,null
4763,1714964133109,1714964133609,500,null
4764,1714964133110,1714964133609,499,null
4765,1714964133110,1714964133609,499,null
4766,1714964133110,1714964133819,709,null
4767,1714964133111,1714964133759,648,null
4768,1714964133111,1714964134035,924,null
4769,1714964133111,1714964133691,580,null
4770,1714964133112,1714964133762,650,null
4771,1714964133112,1714964134035,923,null
4772,1714964133112,1714964133851,739,null
4773,1714964133113,1714964133901,788,null
4774,1714964133113,1714964134035,922,null
4775,1714964133114,1714964134035,921,null
4776,1714964133114,1714964134035,921,null
4777,1714964133114,1714964134035,921,null
4778,1714964133115,1714964134035,920,null
4779,1714964133115,1714964134035,920,null
4780,1714964133116,1714964133896,780,null
4781,1714964133116,1714964133986,870,null
4782,1714964133117,1714964134035,918,null
4783,1714964133117,1714964134035,918,null
4784,1714964133118,1714964134035,917,null
4785,1714964133118,1714964134035,917,null
4786,1714964133118,1714964134035,917,null
4787,1714964133119,1714964134035,916,null
4788,1714964133119,1714964134035,916,null
4789,1714964133119,1714964133517,398,null
4790,1714964133120,1714964133608,488,null
4791,1714964133191,1714964133608,417,null
4792,1714964133192,1714964133608,416,null
4793,1714964133193,1714964133608,415,null
4794,1714964133193,1714964133608,415,null
4795,1714964133193,1714964134605,1412,null
4796,1714964133194,1714964133608,414,null
4797,1714964133194,1714964133608,414,null
4798,1714964133194,1714964134085,891,null
4799,1714964133195,1714964133608,413,null
4800,1714964133195,1714964133608,413,null
4801,1714964133195,1714964133608,413,null
4802,1714964133196,1714964133608,412,null
4803,1714964133196,1714964133608,412,null
4804,1714964133196,1714964133608,412,null
4805,1714964133197,1714964133608,411,null
4806,1714964133197,1714964133608,411,null
4807,1714964133197,1714964133608,411,null
4808,1714964133198,1714964133608,410,null
4809,1714964133198,1714964133609,411,null
4810,1714964133198,1714964133608,410,null
4811,1714964133199,1714964133608,409,null
4812,1714964133199,1714964133608,409,null
4813,1714964133199,1714964133608,409,null
4814,1714964133200,1714964133608,408,null
4815,1714964133200,1714964133609,409,null
4816,1714964133200,1714964133677,477,null
4817,1714964133201,1714964133609,408,null
4818,1714964133201,1714964133620,419,null
4819,1714964133202,1714964133620,418,null
4820,1714964133202,1714964133609,407,null
4821,1714964133202,1714964133615,413,null
4822,1714964133203,1714964133609,406,null
4823,1714964133203,1714964133609,406,null
4824,1714964133203,1714964133608,405,null
4825,1714964133204,1714964133609,405,null
4826,1714964133204,1714964133608,404,null
4827,1714964133204,1714964133607,403,null
4828,1714964133265,1714964134035,770,null
4829,1714964133266,1714964133627,361,null
4830,1714964133268,1714964133888,620,null
4831,1714964133268,1714964134035,767,null
4832,1714964133269,1714964133818,549,null
4833,1714964133270,1714964133871,601,null
4834,1714964133270,1714964134035,765,null
4835,1714964133271,1714964134035,764,null
4836,1714964133271,1714964134035,764,null
4837,1714964133272,1714964134035,763,null
4838,1714964133273,1714964134035,762,null
4839,1714964133273,1714964134035,762,null
4840,1714964133274,1714964134035,761,null
4841,1714964133275,1714964134035,760,null
4842,1714964133276,1714964134035,759,null
4843,1714964133277,1714964134035,758,null
4844,1714964133278,1714964134035,757,null
4845,1714964133278,1714964134035,757,null
4846,1714964133279,1714964134035,756,null
4847,1714964133280,1714964134035,755,null
4848,1714964133281,1714964134035,754,null
4849,1714964133282,1714964134035,753,null
4850,1714964133282,1714964134035,753,null
4851,1714964133283,1714964134035,752,null
4852,1714964133284,1714964134120,836,null
4853,1714964133284,1714964133609,325,null
4854,1714964133402,1714964134035,633,null
4855,1714964133602,1714964134035,433,null
4856,1714964133603,1714964134035,432,null
4857,1714964133603,1714964134035,432,null
4858,1714964133603,1714964134035,432,null
4859,1714964133603,1714964133827,224,null
4860,1714964133603,1714964134035,432,null
4861,1714964133603,1714964134035,432,null
4862,1714964133603,1714964134035,432,null
4863,1714964133604,1714964134035,431,null
4864,1714964133604,1714964134035,431,null
4865,1714964133604,1714964134035,431,null
4866,1714964133605,1714964134035,430,null
4867,1714964133605,1714964134035,430,null
4868,1714964133605,1714964134035,430,null
4869,1714964133606,1714964133816,210,null
4870,1714964133606,1714964133995,389,null
4871,1714964133606,1714964133979,373,null
4872,1714964133606,1714964134035,429,null
4873,1714964133606,1714964134035,429,null
4874,1714964133606,1714964134035,429,null
4875,1714964133606,1714964134035,429,null
4876,1714964133607,1714964134035,428,null
4877,1714964133607,1714964134035,428,null
4878,1714964133607,1714964134035,428,null
4879,1714964133664,1714964134605,941,null
4880,1714964133664,1714964134035,371,null
4881,1714964133665,1714964134035,370,null
4882,1714964133665,1714964134112,447,null
4883,1714964133665,1714964134133,468,null
4884,1714964133665,1714964134171,506,null
4885,1714964133665,1714964134605,940,null
4886,1714964133665,1714964134605,940,null
4887,1714964133665,1714964134605,940,null
4888,1714964133665,1714964134181,516,null
4889,1714964133666,1714964134192,526,null
4890,1714964133666,1714964134328,662,null
4891,1714964133666,1714964134605,939,null
4892,1714964133666,1714964134605,939,null
4893,1714964133666,1714964134605,939,null
4894,1714964133666,1714964134605,939,null
4895,1714964133666,1714964134605,939,null
4896,1714964133666,1714964134605,939,null
4897,1714964133667,1714964134605,938,null
4898,1714964133667,1714964134605,938,null
4899,1714964133667,1714964134605,938,null
4900,1714964133667,1714964134606,939,null
4901,1714964133667,1714964134324,657,null
4902,1714964133667,1714964134605,938,null
4903,1714964133667,1714964134605,938,null
4904,1714964133667,1714964134035,368,null
4905,1714964133668,1714964134605,937,null
4906,1714964133793,1714964134605,812,null
4907,1714964133932,1714964134606,674,null
4908,1714964133933,1714964134606,673,null
4909,1714964133933,1714964134606,673,null
4910,1714964133934,1714964134606,672,null
4911,1714964133935,1714964134606,671,null
4912,1714964133935,1714964134606,671,null
4913,1714964133936,1714964134606,670,null
4914,1714964133936,1714964134606,670,null
4915,1714964133936,1714964134606,670,null
4916,1714964133937,1714964134606,669,null
4917,1714964133937,1714964134606,669,null
4918,1714964133938,1714964134606,668,null
4919,1714964133938,1714964134606,668,null
4920,1714964133939,1714964134606,667,null
4921,1714964133939,1714964134606,667,null
4922,1714964133940,1714964134607,667,null
4923,1714964133940,1714964134607,667,null
4924,1714964133941,1714964135098,1157,null
4925,1714964133941,1714964134832,891,null
4926,1714964133942,1714964134035,93,null
4927,1714964133942,1714964134087,145,null
4928,1714964133988,1714964134035,47,null
4929,1714964133989,1714964134035,46,null
4930,1714964133989,1714964134035,46,null
4931,1714964133989,1714964134141,152,null
4932,1714964133989,1714964134037,48,null
4933,1714964133989,1714964134605,616,null
4934,1714964133990,1714964134035,45,null
4935,1714964133990,1714964134167,177,null
4936,1714964133990,1714964134278,288,null
4937,1714964133990,1714964134605,615,null
4938,1714964133990,1714964134200,210,null
4939,1714964133990,1714964134605,615,null
4940,1714964133990,1714964134605,615,null
4941,1714964133990,1714964134605,615,null
4942,1714964133990,1714964134605,615,null
4943,1714964133991,1714964134605,614,null
4944,1714964133991,1714964134321,330,null
4945,1714964133991,1714964134605,614,null
4946,1714964133991,1714964134605,614,null
4947,1714964133991,1714964134605,614,null
4948,1714964133991,1714964134605,614,null
4949,1714964133991,1714964134605,614,null
4950,1714964133991,1714964134605,614,null
4951,1714964133992,1714964134114,122,null
4952,1714964133998,1714964134137,139,null
4953,1714964134025,1714964134278,253,null
4954,1714964134025,1714964134605,580,null
4955,1714964134026,1714964134605,579,null
4956,1714964134026,1714964134605,579,null
4957,1714964134026,1714964134605,579,null
4958,1714964134027,1714964134605,578,null
4959,1714964134027,1714964134605,578,null
4960,1714964134027,1714964134605,578,null
4961,1714964134028,1714964134605,577,null
4962,1714964134028,1714964134605,577,null
4963,1714964134028,1714964134605,577,null
4964,1714964134029,1714964134605,576,null
4965,1714964134029,1714964134605,576,null
4966,1714964134029,1714964134605,576,null
4967,1714964134030,1714964134192,162,null
4968,1714964134030,1714964134605,575,null
4969,1714964134088,1714964134605,517,null
4970,1714964134088,1714964134605,517,null
4971,1714964134088,1714964134605,517,null
4972,1714964134088,1714964134605,517,null
4973,1714964134088,1714964134605,517,null
4974,1714964134088,1714964134605,517,null
4975,1714964134088,1714964134605,517,null
4976,1714964134089,1714964134606,517,null
4977,1714964134089,1714964134605,516,null
4978,1714964134089,1714964134485,396,null
4979,1714964134089,1714964134605,516,null
4980,1714964134089,1714964134605,516,null
4981,1714964134089,1714964134605,516,null
4982,1714964134089,1714964134605,516,null
4983,1714964134089,1714964134605,516,null
4984,1714964134089,1714964134605,516,null
4985,1714964134090,1714964134605,515,null
4986,1714964134090,1714964134605,515,null
4987,1714964134090,1714964134605,515,null
4988,1714964134090,1714964134605,515,null
4989,1714964134090,1714964134605,515,null
4990,1714964134090,1714964134605,515,null
4991,1714964134090,1714964134606,516,null
4992,1714964134090,1714964134606,516,null
4993,1714964134091,1714964134605,514,null
4994,1714964134091,1714964134606,515,null
4995,1714964134091,1714964134606,515,null
4996,1714964134091,1714964134606,515,null
4997,1714964134091,1714964134606,515,null
4998,1714964134091,1714964134606,515,null
4999,1714964134091,1714964134606,515,null
5000,1714964134091,1714964134606,515,null
5001,1714964134092,1714964134605,513,null
5002,1714964134204,1714964134606,402,null
5003,1714964134204,1714964134606,402,null
5004,1714964134204,1714964134606,402,null
5005,1714964134204,1714964134606,402,null
5006,1714964134204,1714964134606,402,null
5007,1714964134205,1714964134606,401,null
5008,1714964134205,1714964134606,401,null
5009,1714964134205,1714964134606,401,null
5010,1714964134205,1714964134606,401,null
5011,1714964134205,1714964134606,401,null
5012,1714964134205,1714964134606,401,null
5013,1714964134205,1714964134606,401,null
5014,1714964134205,1714964134606,401,null
5015,1714964134205,1714964134606,401,null
5016,1714964134206,1714964134606,400,null
5017,1714964134206,1714964134606,400,null
5018,1714964134206,1714964134606,400,null
5019,1714964134206,1714964134606,400,null
5020,1714964134206,1714964134526,320,null
5021,1714964134206,1714964134606,400,null
5022,1714964134206,1714964134832,626,null
5023,1714964134206,1714964134607,401,null
5024,1714964134206,1714964134606,400,null
5025,1714964134207,1714964135098,891,null
5026,1714964134207,1714964134639,432,null
5027,1714964134207,1714964134607,400,null
5028,1714964134207,1714964134607,400,null
5029,1714964134207,1714964135098,891,null
5030,1714964134207,1714964134834,627,null
5031,1714964134207,1714964135098,891,null
5032,1714964134207,1714964134607,400,null
5033,1714964134207,1714964134528,321,null
5034,1714964134208,1714964134607,399,null
5035,1714964134209,1714964135098,889,null
5036,1714964134209,1714964135098,889,null
5037,1714964134209,1714964135098,889,null
5038,1714964134209,1714964134607,398,null
5039,1714964134209,1714964134482,273,null
5040,1714964134282,1714964134605,323,null
5041,1714964134284,1714964134605,321,null
5042,1714964134286,1714964134605,319,null
5043,1714964134287,1714964134605,318,null
5044,1714964134288,1714964134605,317,null
5045,1714964134288,1714964134605,317,null
5046,1714964134290,1714964134605,315,null
5047,1714964134291,1714964134605,314,null
5048,1714964134291,1714964134605,314,null
5049,1714964134291,1714964134605,314,null
5050,1714964134292,1714964134606,314,null
5051,1714964134292,1714964134606,314,null
5052,1714964134293,1714964134606,313,null
5053,1714964134293,1714964134606,313,null
5054,1714964134293,1714964134606,313,null
5055,1714964134294,1714964134606,312,null
5056,1714964134294,1714964134606,312,null
5057,1714964134295,1714964134606,311,null
5058,1714964134295,1714964134606,311,null
5059,1714964134295,1714964134606,311,null
5060,1714964134296,1714964134606,310,null
5061,1714964134303,1714964134606,303,null
5062,1714964134303,1714964134606,303,null
5063,1714964134304,1714964134606,302,null
5064,1714964134304,1714964134606,302,null
5065,1714964134305,1714964134606,301,null
5066,1714964134305,1714964134606,301,null
5067,1714964134306,1714964134606,300,null
5068,1714964134306,1714964134606,300,null
5069,1714964134307,1714964134606,299,null
5070,1714964134307,1714964134606,299,null
5071,1714964134307,1714964134606,299,null
5072,1714964134308,1714964134606,298,null
5073,1714964134308,1714964134606,298,null
5074,1714964134308,1714964134606,298,null
5075,1714964134309,1714964134606,297,null
5076,1714964134309,1714964134606,297,null
5077,1714964134310,1714964134606,296,null
5078,1714964134310,1714964134606,296,null
5079,1714964134311,1714964134606,295,null
5080,1714964134311,1714964134606,295,null
5081,1714964134311,1714964134607,296,null
5082,1714964134404,1714964135098,694,null
5083,1714964134404,1714964134607,203,null
5084,1714964134405,1714964135098,693,null
5085,1714964134405,1714964135098,693,null
5086,1714964134406,1714964135098,692,null
5087,1714964134406,1714964135098,692,null
5088,1714964134407,1714964135098,691,null
5089,1714964134408,1714964134686,278,null
5090,1714964134408,1714964134697,289,null
5091,1714964134409,1714964134973,564,null
5092,1714964134409,1714964135098,689,null
5093,1714964134410,1714964135098,688,null
5094,1714964134410,1714964134832,422,null
5095,1714964134411,1714964135098,687,null
5096,1714964134411,1714964135064,653,null
5097,1714964134412,1714964134832,420,null
5098,1714964134413,1714964134755,342,null
5099,1714964134413,1714964135098,685,null
5100,1714964134414,1714964135098,684,null
5101,1714964134414,1714964134832,418,null
5102,1714964134415,1714964135098,683,null
5103,1714964134415,1714964135052,637,null
5104,1714964134416,1714964134969,553,null
5105,1714964134416,1714964135098,682,null
5106,1714964134417,1714964135098,681,null
5107,1714964134417,1714964135098,681,null
5108,1714964134418,1714964135098,680,null
5109,1714964134418,1714964134607,189,null
5110,1714964134494,1714964134607,113,null
5111,1714964134494,1714964135098,604,null
5112,1714964134494,1714964135098,604,null
5113,1714964134494,1714964134832,338,null
5114,1714964134494,1714964135098,604,null
5115,1714964134495,1714964135098,603,null
5116,1714964134495,1714964134764,269,null
5117,1714964134495,1714964135098,603,null
5118,1714964134495,1714964134832,337,null
5119,1714964134495,1714964135098,603,null
5120,1714964134495,1714964134968,473,null
5121,1714964134495,1714964134975,480,null
5122,1714964134495,1714964135056,561,null
5123,1714964134495,1714964135098,603,null
5124,1714964134496,1714964135098,602,null
5125,1714964134496,1714964135098,602,null
5126,1714964134496,1714964135098,602,null
5127,1714964134496,1714964135098,602,null
5128,1714964134496,1714964135098,602,null
5129,1714964134496,1714964135098,602,null
5130,1714964134496,1714964135098,602,null
5131,1714964134496,1714964135098,602,null
5132,1714964134496,1714964135098,602,null
5133,1714964134497,1714964135098,601,null
5134,1714964134497,1714964135098,601,null
5135,1714964134497,1714964135098,601,null
5136,1714964134497,1714964135162,665,null
5137,1714964134497,1714964135166,669,null
5138,1714964134497,1714964135135,638,null
5139,1714964134497,1714964135098,601,null
5140,1714964134497,1714964135098,601,null
5141,1714964134497,1714964135098,601,null
5142,1714964134498,1714964135098,600,null
5143,1714964134498,1714964135098,600,null
5144,1714964134498,1714964135098,600,null
5145,1714964134498,1714964135098,600,null
5146,1714964134498,1714964135098,600,null
5147,1714964134498,1714964135098,600,null
5148,1714964134498,1714964135098,600,null
5149,1714964134498,1714964135098,600,null
5150,1714964134498,1714964135098,600,null
5151,1714964134498,1714964135098,600,null
5152,1714964134499,1714964135098,599,null
5153,1714964134499,1714964135098,599,null
5154,1714964134499,1714964135098,599,null
5155,1714964134499,1714964135098,599,null
5156,1714964134499,1714964135098,599,null
5157,1714964134584,1714964134832,248,null
5158,1714964134585,1714964135098,513,null
5159,1714964134585,1714964135132,547,null
5160,1714964134586,1714964135098,512,null
5161,1714964134586,1714964134969,383,null
5162,1714964134586,1714964135098,512,null
5163,1714964134587,1714964134971,384,null
5164,1714964134587,1714964135098,511,null
5165,1714964134588,1714964135060,472,null
5166,1714964134588,1714964135098,510,null
5167,1714964134589,1714964135098,509,null
5168,1714964134589,1714964135098,509,null
5169,1714964134589,1714964135098,509,null
5170,1714964134590,1714964135098,508,null
5171,1714964134590,1714964135098,508,null
5172,1714964134591,1714964135098,507,null
5173,1714964134600,1714964135098,498,null
5174,1714964134600,1714964135098,498,null
5175,1714964134601,1714964135098,497,null
5176,1714964134601,1714964135098,497,null
5177,1714964134601,1714964135098,497,null
5178,1714964134602,1714964135098,496,null
5179,1714964134602,1714964135098,496,null
5180,1714964134794,1714964135098,304,null
5181,1714964134807,1714964135098,291,null
5182,1714964134820,1714964135098,278,null
5183,1714964134824,1714964135098,274,null
5184,1714964134824,1714964135098,274,null
5185,1714964134824,1714964135155,331,null
5186,1714964134824,1714964135098,274,null
5187,1714964134825,1714964135210,385,null
5188,1714964134825,1714964135132,307,null
5189,1714964134825,1714964135098,273,null
5190,1714964134952,1714964135191,239,null
5191,1714964135084,1714964135210,126,null
5192,1714964135086,1714964135261,175,null
5193,1714964135092,1714964135242,150,null
5194,1714964135092,1714964135261,169,null
5195,1714964135092,1714964135261,169,null
5196,1714964135092,1714964135210,118,null
5197,1714964135092,1714964135249,157,null
5198,1714964135096,1714964135476,380,null
5199,1714964135096,1714964135476,380,null
5200,1714964135096,1714964135477,381,null
5201,1714964135096,1714964135411,315,null
5202,1714964135097,1714964135412,315,null
5203,1714964135097,1714964135419,322,null
5204,1714964135097,1714964135476,379,null
5205,1714964135097,1714964135210,113,null
5206,1714964135097,1714964135476,379,null
5207,1714964135128,1714964135476,348,null
5208,1714964135128,1714964135476,348,null
5209,1714964135128,1714964135476,348,null
5210,1714964135128,1714964135476,348,null
5211,1714964135128,1714964135476,348,null
5212,1714964135128,1714964135476,348,null
5213,1714964135129,1714964135476,347,null
5214,1714964135129,1714964135477,348,null
5215,1714964135129,1714964135476,347,null
5216,1714964135129,1714964135476,347,null
5217,1714964135129,1714964135413,284,null
5218,1714964135129,1714964135476,347,null
5219,1714964135130,1714964135476,346,null
5220,1714964135130,1714964135381,251,null
5221,1714964135130,1714964135406,276,null
5222,1714964135130,1714964135411,281,null
5223,1714964135130,1714964135415,285,null
5224,1714964135131,1714964135476,345,null
5225,1714964135131,1714964135476,345,null
5226,1714964135131,1714964135476,345,null
5227,1714964135131,1714964135476,345,null
5228,1714964135131,1714964135476,345,null
5229,1714964135131,1714964135476,345,null
5230,1714964135131,1714964135476,345,null
5231,1714964135131,1714964135476,345,null
5232,1714964135132,1714964135477,345,null
5233,1714964135132,1714964135476,344,null
5234,1714964135132,1714964135476,344,null
5235,1714964135132,1714964135476,344,null
5236,1714964135132,1714964135477,345,null
5237,1714964135132,1714964135477,345,null
5238,1714964135132,1714964135476,344,null
5239,1714964135132,1714964135243,111,null
5240,1714964135133,1714964135243,110,null
5241,1714964135133,1714964135381,248,null
5242,1714964135191,1714964135381,190,null
5243,1714964135215,1714964135381,166,null
5244,1714964135216,1714964135381,165,null
5245,1714964135216,1714964135400,184,null
5246,1714964135216,1714964135408,192,null
5247,1714964135217,1714964135476,259,null
5248,1714964135217,1714964135411,194,null
5249,1714964135224,1714964135476,252,null
5250,1714964135224,1714964135476,252,null
5251,1714964135226,1714964135476,250,null
5252,1714964135227,1714964135476,249,null
5253,1714964135227,1714964135476,249,null
5254,1714964135227,1714964135476,249,null
5255,1714964135227,1714964135476,249,null
5256,1714964135228,1714964135476,248,null
5257,1714964135228,1714964135476,248,null
5258,1714964135228,1714964135476,248,null
5259,1714964135228,1714964135261,33,null
5260,1714964135228,1714964135476,248,null
5261,1714964135228,1714964135402,174,null
5262,1714964135244,1714964135411,167,null
5263,1714964135244,1714964135417,173,null
5264,1714964135244,1714964135476,232,null
5265,1714964135244,1714964135476,232,null
5266,1714964135244,1714964135281,37,null
5267,1714964135245,1714964135397,152,null
5268,1714964135245,1714964135477,232,null
5269,1714964135261,1714964135477,216,null
5270,1714964135262,1714964135477,215,null
5271,1714964135262,1714964135477,215,null
5272,1714964135262,1714964135477,215,null
5273,1714964135263,1714964135477,214,null
5274,1714964135263,1714964135476,213,null
5275,1714964135263,1714964135477,214,null
5276,1714964135264,1714964135477,213,null
5277,1714964135264,1714964135477,213,null
5278,1714964135264,1714964135730,466,null
5279,1714964135264,1714964135476,212,null
5280,1714964135265,1714964135476,211,null
5281,1714964135268,1714964135477,209,null
5282,1714964135268,1714964135477,209,null
5283,1714964135268,1714964135477,209,null
5284,1714964135268,1714964135477,209,null
5285,1714964135268,1714964135477,209,null
5286,1714964135269,1714964135477,208,null
5287,1714964135269,1714964135477,208,null
5288,1714964135269,1714964135477,208,null
5289,1714964135269,1714964135661,392,null
5290,1714964135269,1714964135896,627,null
5291,1714964135269,1714964135810,541,null
5292,1714964135269,1714964135476,207,null
5293,1714964135270,1714964135476,206,null
5294,1714964135270,1714964135477,207,null
5295,1714964135364,1714964135477,113,null
5296,1714964135364,1714964135477,113,null
5297,1714964135365,1714964135477,112,null
5298,1714964135365,1714964135477,112,null
5299,1714964135366,1714964135477,111,null
5300,1714964135366,1714964135477,111,null
5301,1714964135367,1714964135477,110,null
5302,1714964135367,1714964135477,110,null
5303,1714964135368,1714964135661,293,null
5304,1714964135368,1714964135661,293,null
5305,1714964135369,1714964135661,292,null
5306,1714964135370,1714964135661,291,null
5307,1714964135370,1714964135661,291,null
5308,1714964135371,1714964135732,361,null
5309,1714964135372,1714964135810,438,null
5310,1714964135372,1714964135810,438,null
5311,1714964135373,1714964135811,438,null
5312,1714964135373,1714964135811,438,null
5313,1714964135374,1714964135811,437,null
5314,1714964135374,1714964135811,437,null
5315,1714964135375,1714964135750,375,null
5316,1714964135375,1714964135748,373,null
5317,1714964135376,1714964135885,509,null
5318,1714964135376,1714964135810,434,null
5319,1714964135377,1714964135811,434,null
5320,1714964135378,1714964135811,433,null
5321,1714964135378,1714964135811,433,null
5322,1714964135379,1714964135811,432,null
5323,1714964135380,1714964135737,357,null
5324,1714964135380,1714964135477,97,null
5325,1714964135430,1714964135477,47,null
5326,1714964135431,1714964135661,230,null
5327,1714964135460,1714964135661,201,null
5328,1714964135461,1714964135661,200,null
5329,1714964135461,1714964135810,349,null
5330,1714964135462,1714964135811,349,null
5331,1714964135463,1714964135810,347,null
5332,1714964135463,1714964135811,348,null
5333,1714964135464,1714964135811,347,null
5334,1714964135464,1714964135735,271,null
5335,1714964135465,1714964135811,346,null
5336,1714964135466,1714964135741,275,null
5337,1714964135466,1714964135811,345,null
5338,1714964135467,1714964135810,343,null
5339,1714964135467,1714964135811,344,null
5340,1714964135468,1714964135810,342,null
5341,1714964135468,1714964135811,343,null
5342,1714964135469,1714964135811,342,null
5343,1714964135470,1714964135810,340,null
5344,1714964135603,1714964135846,243,null
5345,1714964135603,1714964135846,243,null
5346,1714964135603,1714964135811,208,null
5347,1714964135603,1714964135811,208,null
5348,1714964135603,1714964135811,208,null
5349,1714964135603,1714964135811,208,null
5350,1714964135603,1714964135846,243,null
5351,1714964135603,1714964135811,208,null
5352,1714964135604,1714964135811,207,null
5353,1714964135703,1714964135811,108,null
5354,1714964135703,1714964135811,108,null
5355,1714964135704,1714964135846,142,null
5356,1714964135704,1714964135868,164,null
5357,1714964135705,1714964135883,178,null
5358,1714964135706,1714964135875,169,null
5359,1714964135706,1714964135896,190,null
5360,1714964135706,1714964135872,166,null
5361,1714964135707,1714964135869,162,null
5362,1714964135707,1714964135896,189,null
5363,1714964135708,1714964135898,190,null
5364,1714964135708,1714964135896,188,null
5365,1714964135709,1714964135896,187,null
5366,1714964135709,1714964135811,102,null
5367,1714964135710,1714964135811,101,null
5368,1714964135711,1714964135811,100,null
5369,1714964135712,1714964135846,134,null
5370,1714964135712,1714964135811,99,null
5371,1714964135713,1714964135811,98,null
5372,1714964135713,1714964135811,98,null
5373,1714964135714,1714964135849,135,null
5374,1714964135715,1714964135874,159,null
5375,1714964135715,1714964135745,30,null
5376,1714964135716,1714964135811,95,null
5377,1714964135747,1714964135861,114,null
5378,1714964135748,1714964135846,98,null
5379,1714964135750,1714964135846,96,null
5380,1714964135752,1714964135899,147,null
5381,1714964135753,1714964135931,178,null
5382,1714964135893,1714964135931,38,null
5383,1714964135894,1714964135988,94,null
5384,1714964135898,1714964135988,90,null
5385,1714964135901,1714964135988,87,null
5386,1714964135901,1714964135988,87,null
5387,1714964135902,1714964135988,86,null
5388,1714964135902,1714964135988,86,null
5389,1714964135902,1714964135988,86,null
5390,1714964135903,1714964135988,85,null
5391,1714964135904,1714964135931,27,null
5392,1714964135904,1714964135988,84,null
5393,1714964135912,1714964135988,76,null
5394,1714964135913,1714964135988,75,null
5395,1714964135913,1714964135988,75,null
5396,1714964135918,1714964135988,70,null
5397,1714964135919,1714964135988,69,null
5398,1714964135919,1714964135988,69,null
5399,1714964135920,1714964136284,364,null
5400,1714964135920,1714964136284,364,null
5401,1714964135920,1714964136026,106,null
5402,1714964135920,1714964136034,114,null
5403,1714964135920,1714964136035,115,null
5404,1714964135920,1714964136045,125,null
5405,1714964135920,1714964135988,68,null
5406,1714964135921,1714964136046,125,null
5407,1714964135921,1714964136284,363,null
5408,1714964135921,1714964136284,363,null
5409,1714964135921,1714964136284,363,null
5410,1714964135921,1714964136284,363,null
5411,1714964135921,1714964136284,363,null
5412,1714964135921,1714964136284,363,null
5413,1714964135921,1714964136284,363,null
5414,1714964135921,1714964136284,363,null
5415,1714964135922,1714964136284,362,null
5416,1714964135922,1714964136286,364,null
5417,1714964135922,1714964136286,364,null
5418,1714964135922,1714964135988,66,null
5419,1714964135922,1714964136286,364,null
5420,1714964135922,1714964136284,362,null
5421,1714964135922,1714964136284,362,null
5422,1714964135922,1714964136284,362,null
5423,1714964135922,1714964136284,362,null
5424,1714964135923,1714964136284,361,null
5425,1714964135923,1714964136284,361,null
5426,1714964135923,1714964136284,361,null
5427,1714964135923,1714964136284,361,null
5428,1714964135923,1714964136286,363,null
5429,1714964135923,1714964136286,363,null
5430,1714964135923,1714964136286,363,null
5431,1714964135923,1714964136286,363,null
5432,1714964135923,1714964135988,65,null
5433,1714964135924,1714964135988,64,null
5434,1714964135939,1714964135988,49,null
5435,1714964135940,1714964135988,48,null
5436,1714964135940,1714964136286,346,null
5437,1714964135940,1714964136286,346,null
5438,1714964135940,1714964136284,344,null
5439,1714964135941,1714964136284,343,null
5440,1714964135941,1714964136284,343,null
5441,1714964135941,1714964136284,343,null
5442,1714964135941,1714964136284,343,null
5443,1714964135941,1714964136284,343,null
5444,1714964135941,1714964136284,343,null
5445,1714964135941,1714964136286,345,null
5446,1714964135941,1714964136284,343,null
5447,1714964135942,1714964136286,344,null
5448,1714964135942,1714964136286,344,null
5449,1714964135942,1714964136286,344,null
5450,1714964135942,1714964136286,344,null
5451,1714964135942,1714964136286,344,null
5452,1714964135942,1714964136286,344,null
5453,1714964135942,1714964136286,344,null
5454,1714964135943,1714964136286,343,null
5455,1714964135943,1714964136285,342,null
5456,1714964135943,1714964136286,343,null
5457,1714964135943,1714964136286,343,null
5458,1714964135943,1714964136284,341,null
5459,1714964135943,1714964136311,368,null
5460,1714964135943,1714964136660,717,null
5461,1714964135943,1714964136345,402,null
5462,1714964135944,1714964136660,716,null
5463,1714964135944,1714964136496,552,null
5464,1714964135944,1714964136660,716,null
5465,1714964135944,1714964136286,342,null
5466,1714964135944,1714964136660,716,null
5467,1714964135944,1714964136660,716,null
5468,1714964135944,1714964136291,347,null
5469,1714964135945,1714964136295,350,null
5470,1714964135945,1714964136660,715,null
5471,1714964135945,1714964136660,715,null
5472,1714964135945,1714964136660,715,null
5473,1714964135945,1714964136658,713,null
5474,1714964135945,1714964136660,715,null
5475,1714964135945,1714964136660,715,null
5476,1714964135946,1714964136660,714,null
5477,1714964135946,1714964136660,714,null
5478,1714964135946,1714964136486,540,null
5479,1714964135946,1714964136660,714,null
5480,1714964135946,1714964136660,714,null
5481,1714964135946,1714964136660,714,null
5482,1714964135946,1714964136660,714,null
5483,1714964135947,1714964136660,713,null
5484,1714964135947,1714964136660,713,null
5485,1714964135953,1714964136660,707,null
5486,1714964135954,1714964136660,706,null
5487,1714964135954,1714964136660,706,null
5488,1714964135955,1714964136613,658,null
5489,1714964135956,1714964136646,690,null
5490,1714964135956,1714964136660,704,null
5491,1714964135957,1714964136660,703,null
5492,1714964135958,1714964136660,702,null
5493,1714964135958,1714964135988,30,null
5494,1714964135968,1714964136284,316,null
5495,1714964135969,1714964136284,315,null
5496,1714964135969,1714964136286,317,null
5497,1714964135970,1714964136286,316,null
5498,1714964135970,1714964136286,316,null
5499,1714964135971,1714964136158,187,null
5500,1714964135972,1714964136286,314,null
5501,1714964135972,1714964136284,312,null
5502,1714964135973,1714964136284,311,null
5503,1714964135973,1714964136284,311,null
5504,1714964135974,1714964136284,310,null
5505,1714964135974,1714964136284,310,null
5506,1714964135975,1714964136284,309,null
5507,1714964135976,1714964136284,308,null
5508,1714964135976,1714964136284,308,null
5509,1714964135977,1714964136284,307,null
5510,1714964135978,1714964136284,306,null
5511,1714964135978,1714964136284,306,null
5512,1714964135979,1714964136285,306,null
5513,1714964135979,1714964136284,305,null
5514,1714964135980,1714964136286,306,null
5515,1714964135980,1714964136286,306,null
5516,1714964135981,1714964136286,305,null
5517,1714964135981,1714964136286,305,null
5518,1714964135982,1714964136286,304,null
5519,1714964135983,1714964136286,303,null
5520,1714964135983,1714964136286,303,null
5521,1714964135984,1714964136286,302,null
5522,1714964135984,1714964136286,302,null
5523,1714964135985,1714964136284,299,null
5524,1714964135985,1714964136613,628,null
5525,1714964136070,1714964136660,590,null
5526,1714964136145,1714964136286,141,null
5527,1714964136146,1714964136286,140,null
5528,1714964136146,1714964136286,140,null
5529,1714964136147,1714964136286,139,null
5530,1714964136147,1714964136311,164,null
5531,1714964136148,1714964136286,138,null
5532,1714964136149,1714964136286,137,null
5533,1714964136149,1714964136286,137,null
5534,1714964136150,1714964136286,136,null
5535,1714964136150,1714964136286,136,null
5536,1714964136151,1714964136286,135,null
5537,1714964136151,1714964136660,509,null
5538,1714964136152,1714964136286,134,null
5539,1714964136153,1714964136307,154,null
5540,1714964136153,1714964136660,507,null
5541,1714964136154,1714964136495,341,null
5542,1714964136155,1714964136660,505,null
5543,1714964136155,1714964136503,348,null
5544,1714964136156,1714964136303,147,null
5545,1714964136156,1714964136660,504,null
5546,1714964136157,1714964136658,501,null
5547,1714964136157,1714964136660,503,null
5548,1714964136158,1714964136660,502,null
5549,1714964136160,1714964136600,440,null
5550,1714964136161,1714964136660,499,null
5551,1714964136161,1714964136660,499,null
5552,1714964136161,1714964136286,125,null
5553,1714964136162,1714964136660,498,null
5554,1714964136286,1714964136660,374,null
5555,1714964136286,1714964136660,374,null
5556,1714964136287,1714964136660,373,null
5557,1714964136287,1714964136660,373,null
5558,1714964136287,1714964136660,373,null
5559,1714964136287,1714964136660,373,null
5560,1714964136287,1714964136660,373,null
5561,1714964136537,1714964136660,123,null
5562,1714964136583,1714964136660,77,null
5563,1714964136584,1714964136660,76,null
5564,1714964136585,1714964136660,75,null
5565,1714964136586,1714964136677,91,null
5566,1714964136587,1714964136674,87,null
5567,1714964136588,1714964136703,115,null
5568,1714964136588,1714964136679,91,null
5569,1714964136589,1714964136703,114,null
5570,1714964136590,1714964136714,124,null
5571,1714964136591,1714964136703,112,null
5572,1714964136592,1714964136660,68,null
5573,1714964136593,1714964136714,121,null
5574,1714964136625,1714964137026,401,null
5575,1714964136626,1714964137026,400,null
5576,1714964136626,1714964137026,400,null
5577,1714964136626,1714964136745,119,null
5578,1714964136627,1714964136660,33,null
5579,1714964136627,1714964136714,87,null
5580,1714964136642,1714964136725,83,null
5581,1714964136642,1714964137026,384,null
5582,1714964136642,1714964137026,384,null
5583,1714964136642,1714964137026,384,null
5584,1714964136642,1714964137212,570,null
5585,1714964136642,1714964137026,384,null
5586,1714964136643,1714964137026,383,null
5587,1714964136643,1714964137027,384,null
5588,1714964136643,1714964137027,384,null
5589,1714964136643,1714964137027,384,null
5590,1714964136643,1714964137027,384,null
5591,1714964136643,1714964137027,384,null
5592,1714964136643,1714964137027,384,null
5593,1714964136644,1714964137027,383,null
5594,1714964136644,1714964137212,568,null
5595,1714964136644,1714964137027,383,null
5596,1714964136644,1714964137027,383,null
5597,1714964136644,1714964137027,383,null
5598,1714964136644,1714964136714,70,null
5599,1714964136645,1714964137028,383,null
5600,1714964136645,1714964137027,382,null
5601,1714964136645,1714964137212,567,null
5602,1714964136645,1714964137212,567,null
5603,1714964136645,1714964136714,69,null
5604,1714964136645,1714964137027,382,null
5605,1714964136651,1714964136714,63,null
5606,1714964136683,1714964137026,343,null
5607,1714964136684,1714964136743,59,null
5608,1714964136684,1714964136754,70,null
5609,1714964136684,1714964136762,78,null
5610,1714964136684,1714964136770,86,null
5611,1714964136684,1714964137026,342,null
5612,1714964136684,1714964136797,113,null
5613,1714964136685,1714964137212,527,null
5614,1714964136685,1714964137026,341,null
5615,1714964136685,1714964137027,342,null
5616,1714964136686,1714964137026,340,null
5617,1714964136686,1714964137027,341,null
5618,1714964136686,1714964137027,341,null
5619,1714964136687,1714964137027,340,null
5620,1714964136687,1714964137027,340,null
5621,1714964136687,1714964137027,340,null
5622,1714964136688,1714964137027,339,null
5623,1714964136688,1714964137027,339,null
5624,1714964136688,1714964137027,339,null
5625,1714964136689,1714964137027,338,null
5626,1714964136689,1714964137027,338,null
5627,1714964136690,1714964137027,337,null
5628,1714964136691,1714964137027,336,null
5629,1714964136691,1714964137027,336,null
5630,1714964136692,1714964137027,335,null
5631,1714964136693,1714964137027,334,null
5632,1714964136693,1714964137027,334,null
5633,1714964136693,1714964137027,334,null
5634,1714964136694,1714964137212,518,null
5635,1714964136694,1714964137027,333,null
5636,1714964136702,1714964137027,325,null
5637,1714964136702,1714964137027,325,null
5638,1714964136702,1714964137027,325,null
5639,1714964136706,1714964137027,321,null
5640,1714964136706,1714964137028,322,null
5641,1714964136706,1714964137028,322,null
5642,1714964136706,1714964137212,506,null
5643,1714964136706,1714964137212,506,null
5644,1714964136707,1714964137212,505,null
5645,1714964136707,1714964137027,320,null
5646,1714964136707,1714964137027,320,null
5647,1714964136707,1714964137027,320,null
5648,1714964136707,1714964137027,320,null
5649,1714964136707,1714964137027,320,null
5650,1714964136707,1714964137027,320,null
5651,1714964136707,1714964137027,320,null
5652,1714964136708,1714964137027,319,null
5653,1714964136708,1714964137027,319,null
5654,1714964136708,1714964137027,319,null
5655,1714964136708,1714964137027,319,null
5656,1714964136708,1714964137028,320,null
5657,1714964136708,1714964137212,504,null
5658,1714964136708,1714964137212,504,null
5659,1714964136708,1714964137212,504,null
5660,1714964136708,1714964137212,504,null
5661,1714964136709,1714964137027,318,null
5662,1714964136709,1714964137027,318,null
5663,1714964136709,1714964137027,318,null
5664,1714964136709,1714964137027,318,null
5665,1714964136709,1714964137027,318,null
5666,1714964136709,1714964137212,503,null
5667,1714964136709,1714964137212,503,null
5668,1714964136709,1714964137212,503,null
5669,1714964136709,1714964137509,800,null
5670,1714964136710,1714964137696,986,null
5671,1714964136710,1714964137778,1068,null
5672,1714964136710,1714964137027,317,null
5673,1714964136710,1714964137027,317,null
5674,1714964136710,1714964137027,317,null
5675,1714964136710,1714964137027,317,null
5676,1714964136710,1714964137027,317,null
5677,1714964136710,1714964137027,317,null
5678,1714964136710,1714964137212,502,null
5679,1714964136710,1714964137212,502,null
5680,1714964136711,1714964137212,501,null
5681,1714964136711,1714964137212,501,null
5682,1714964136711,1714964137213,502,null
5683,1714964136711,1714964137027,316,null
5684,1714964136711,1714964137027,316,null
5685,1714964136711,1714964137027,316,null
5686,1714964136711,1714964137027,316,null
5687,1714964136711,1714964137027,316,null
5688,1714964136711,1714964137027,316,null
5689,1714964136712,1714964137027,315,null
5690,1714964136712,1714964137027,315,null
5691,1714964136712,1714964137027,315,null
5692,1714964136712,1714964137027,315,null
5693,1714964136712,1714964137027,315,null
5694,1714964136712,1714964137027,315,null
5695,1714964136712,1714964137237,525,null
5696,1714964136712,1714964137423,711,null
5697,1714964136712,1714964137427,715,null
5698,1714964136713,1714964137695,982,null
5699,1714964136713,1714964137507,794,null
5700,1714964136713,1714964137503,790,null
5701,1714964136713,1714964137695,982,null
5702,1714964136713,1714964137695,982,null
5703,1714964136713,1714964137405,692,null
5704,1714964136713,1714964137779,1066,null
5705,1714964136713,1714964137429,716,null
5706,1714964136713,1714964137780,1067,null
5707,1714964136713,1714964137781,1068,null
5708,1714964136714,1714964137695,981,null
5709,1714964136714,1714964137695,981,null
5710,1714964136714,1714964137695,981,null
5711,1714964136714,1714964137779,1065,null
5712,1714964136714,1714964137779,1065,null
5713,1714964136714,1714964137779,1065,null
5714,1714964136714,1714964137779,1065,null
5715,1714964136714,1714964137443,729,null
5716,1714964136714,1714964137780,1066,null
5717,1714964136715,1714964137780,1065,null
5718,1714964136715,1714964137212,497,null
5719,1714964136715,1714964137780,1065,null
5720,1714964136715,1714964137695,980,null
5721,1714964136715,1714964137212,497,null
5722,1714964136715,1714964137780,1065,null
5723,1714964136715,1714964137236,521,null
5724,1714964136715,1714964137695,980,null
5725,1714964136715,1714964137695,980,null
5726,1714964136715,1714964137413,698,null
5727,1714964136716,1714964137239,523,null
5728,1714964136776,1714964137781,1005,null
5729,1714964136776,1714964137781,1005,null
5730,1714964136776,1714964137781,1005,null
5731,1714964136776,1714964137781,1005,null
5732,1714964136776,1714964137781,1005,null
5733,1714964136776,1714964137781,1005,null
5734,1714964136777,1714964137972,1195,null
5735,1714964136777,1714964137027,250,null
5736,1714964136777,1714964137779,1002,null
5737,1714964136777,1714964137411,634,null
5738,1714964136777,1714964137780,1003,null
5739,1714964136777,1714964137780,1003,null
5740,1714964136777,1714964137510,733,null
5741,1714964136777,1714964137695,918,null
5742,1714964136777,1714964137695,918,null
5743,1714964136778,1714964137696,918,null
5744,1714964136778,1714964137779,1001,null
5745,1714964136778,1714964137779,1001,null
5746,1714964136778,1714964137028,250,null
5747,1714964136778,1714964137781,1003,null
5748,1714964136778,1714964137447,669,null
5749,1714964136778,1714964137780,1002,null
5750,1714964136778,1714964137780,1002,null
5751,1714964136778,1714964137780,1002,null
5752,1714964136778,1714964137212,434,null
5753,1714964136779,1714964137780,1001,null
5754,1714964136779,1714964137780,1001,null
5755,1714964136779,1714964137028,249,null
5756,1714964136779,1714964137212,433,null
5757,1714964136779,1714964137212,433,null
5758,1714964136779,1714964137212,433,null
5759,1714964136779,1714964137212,433,null
5760,1714964136779,1714964137027,248,null
5761,1714964136779,1714964137972,1193,null
5762,1714964136780,1714964137781,1001,null
5763,1714964136788,1714964137780,992,null
5764,1714964136788,1714964137972,1184,null
5765,1714964136788,1714964137781,993,null
5766,1714964136788,1714964137972,1184,null
5767,1714964136788,1714964137973,1185,null
5768,1714964136788,1714964137781,993,null
5769,1714964136788,1714964137972,1184,null
5770,1714964136789,1714964137782,993,null
5771,1714964136789,1714964137857,1068,null
5772,1714964136789,1714964137972,1183,null
5773,1714964136789,1714964137972,1183,null
5774,1714964136789,1714964137972,1183,null
5775,1714964136789,1714964137212,423,null
5776,1714964136789,1714964137972,1183,null
5777,1714964136789,1714964137027,238,null
5778,1714964136789,1714964137781,992,null
5779,1714964136789,1714964137972,1183,null
5780,1714964136790,1714964137972,1182,null
5781,1714964136790,1714964137972,1182,null
5782,1714964136790,1714964137972,1182,null
5783,1714964136790,1714964137972,1182,null
5784,1714964136790,1714964137972,1182,null
5785,1714964136790,1714964137972,1182,null
5786,1714964136790,1714964137972,1182,null
5787,1714964136790,1714964137972,1182,null
5788,1714964136790,1714964137027,237,null
5789,1714964136790,1714964137028,238,null
5790,1714964136791,1714964137212,421,null
5791,1714964136791,1714964137212,421,null
5792,1714964136791,1714964137027,236,null
5793,1714964136791,1714964137212,421,null
5794,1714964136791,1714964137027,236,null
5795,1714964136791,1714964137212,421,null
5796,1714964136791,1714964137212,421,null
5797,1714964136791,1714964137027,236,null
5798,1714964136791,1714964137286,495,null
5799,1714964136792,1714964137212,420,null
5800,1714964136823,1714964137212,389,null
5801,1714964136824,1714964137212,388,null
5802,1714964136824,1714964137212,388,null
5803,1714964136939,1714964137212,273,null
5804,1714964136940,1714964137695,755,null
5805,1714964136941,1714964137212,271,null
5806,1714964136941,1714964137779,838,null
5807,1714964136942,1714964137425,483,null
5808,1714964136943,1714964137780,837,null
5809,1714964136943,1714964137212,269,null
5810,1714964136943,1714964137696,753,null
5811,1714964136944,1714964137212,268,null
5812,1714964136944,1714964137780,836,null
5813,1714964136945,1714964137497,552,null
5814,1714964136945,1714964137494,549,null
5815,1714964136946,1714964137781,835,null
5816,1714964136946,1714964137695,749,null
5817,1714964136947,1714964137695,748,null
5818,1714964136947,1714964137695,748,null
5819,1714964136948,1714964137695,747,null
5820,1714964136948,1714964137779,831,null
5821,1714964136949,1714964137300,351,null
5822,1714964136949,1714964137779,830,null
5823,1714964136950,1714964137312,362,null
5824,1714964136950,1714964137407,457,null
5825,1714964136951,1714964137779,828,null
5826,1714964136951,1714964137409,458,null
5827,1714964136952,1714964137421,469,null
5828,1714964136952,1714964137212,260,null
5829,1714964137014,1714964137779,765,null
5830,1714964137024,1714964137441,417,null
5831,1714964137025,1714964137695,670,null
5832,1714964137025,1714964137779,754,null
5833,1714964137026,1714964137243,217,null
5834,1714964137177,1714964137779,602,null
5835,1714964137188,1714964137779,591,null
5836,1714964137192,1714964137779,587,null
5837,1714964137192,1714964137779,587,null
5838,1714964137192,1714964137779,587,null
5839,1714964137193,1714964137781,588,null
5840,1714964137193,1714964137443,250,null
5841,1714964137193,1714964137780,587,null
5842,1714964137193,1714964137780,587,null
5843,1714964137194,1714964137780,586,null
5844,1714964137196,1714964137781,585,null
5845,1714964137196,1714964137780,584,null
5846,1714964137196,1714964137780,584,null
5847,1714964137197,1714964137780,583,null
5848,1714964137197,1714964137781,584,null
5849,1714964137197,1714964137781,584,null
5850,1714964137197,1714964137781,584,null
5851,1714964137197,1714964137781,584,null
5852,1714964137197,1714964137781,584,null
5853,1714964137198,1714964137972,774,null
5854,1714964137198,1714964137972,774,null
5855,1714964137198,1714964137781,583,null
5856,1714964137198,1714964137779,581,null
5857,1714964137198,1714964137973,775,null
5858,1714964137358,1714964137972,614,null
5859,1714964137359,1714964137781,422,null
5860,1714964137359,1714964137781,422,null
5861,1714964137359,1714964137972,613,null
5862,1714964137359,1714964137927,568,null
5863,1714964137359,1714964137781,422,null
5864,1714964137359,1714964137782,423,null
5865,1714964137359,1714964137782,423,null
5866,1714964137360,1714964137972,612,null
5867,1714964137360,1714964137782,422,null
5868,1714964137360,1714964137972,612,null
5869,1714964137360,1714964137972,612,null
5870,1714964137360,1714964137972,612,null
5871,1714964137360,1714964137972,612,null
5872,1714964137360,1714964137972,612,null
5873,1714964137360,1714964137972,612,null
5874,1714964137361,1714964137972,611,null
5875,1714964137361,1714964137972,611,null
5876,1714964137361,1714964137972,611,null
5877,1714964137361,1714964137972,611,null
5878,1714964137362,1714964137972,610,null
5879,1714964137363,1714964137972,609,null
5880,1714964137363,1714964137972,609,null
5881,1714964137363,1714964137780,417,null
5882,1714964137363,1714964137972,609,null
5883,1714964137363,1714964137972,609,null
5884,1714964137363,1714964137972,609,null
5885,1714964137363,1714964137973,610,null
5886,1714964137363,1714964137973,610,null
5887,1714964137364,1714964137972,608,null
5888,1714964137364,1714964137972,608,null
5889,1714964137365,1714964137780,415,null
5890,1714964137365,1714964137972,607,null
5891,1714964137366,1714964137972,606,null
5892,1714964137366,1714964137972,606,null
5893,1714964137366,1714964137972,606,null
5894,1714964137367,1714964137972,605,null
5895,1714964137367,1714964137972,605,null
5896,1714964137368,1714964137972,604,null
5897,1714964137368,1714964137973,605,null
5898,1714964137368,1714964137972,604,null
5899,1714964137369,1714964137973,604,null
5900,1714964137369,1714964137972,603,null
5901,1714964137369,1714964137972,603,null
5902,1714964137370,1714964137780,410,null
5903,1714964137370,1714964137972,602,null
5904,1714964137370,1714964137972,602,null
5905,1714964137371,1714964137972,601,null
5906,1714964137371,1714964137972,601,null
5907,1714964137371,1714964137780,409,null
5908,1714964137459,1714964137972,513,null
5909,1714964137460,1714964137972,512,null
5910,1714964137460,1714964137782,322,null
5911,1714964137461,1714964137881,420,null
5912,1714964137461,1714964137972,511,null
5913,1714964137462,1714964137972,510,null
5914,1714964137463,1714964137972,509,null
5915,1714964137465,1714964137972,507,null
5916,1714964137465,1714964137972,507,null
5917,1714964137466,1714964137972,506,null
5918,1714964137467,1714964137972,505,null
5919,1714964137468,1714964137780,312,null
5920,1714964137468,1714964137972,504,null
5921,1714964137469,1714964137972,503,null
5922,1714964137469,1714964137972,503,null
5923,1714964137470,1714964137972,502,null
5924,1714964137471,1714964137972,501,null
5925,1714964137471,1714964137972,501,null
5926,1714964137670,1714964137972,302,null
5927,1714964137671,1714964137973,302,null
5928,1714964137672,1714964137972,300,null
5929,1714964137673,1714964137972,299,null
5930,1714964137674,1714964137973,299,null
5931,1714964137674,1714964137972,298,null
5932,1714964137675,1714964137973,298,null
5933,1714964137675,1714964137972,297,null
5934,1714964137676,1714964137973,297,null
5935,1714964137677,1714964137972,295,null
5936,1714964137681,1714964137973,292,null
5937,1714964137751,1714964137881,130,null
5938,1714964137752,1714964137883,131,null
5939,1714964137752,1714964137881,129,null
5940,1714964137752,1714964137972,220,null
5941,1714964137752,1714964137972,220,null
5942,1714964137753,1714964137972,219,null
5943,1714964137753,1714964137973,220,null
5944,1714964137753,1714964137972,219,null
5945,1714964137753,1714964137972,219,null
5946,1714964137753,1714964137972,219,null
5947,1714964137753,1714964137973,220,null
5948,1714964137754,1714964137972,218,null
5949,1714964137754,1714964137973,219,null
5950,1714964137768,1714964137972,204,null
5951,1714964137768,1714964137972,204,null
5952,1714964137769,1714964137891,122,null
5953,1714964137770,1714964137973,203,null
5954,1714964137771,1714964137973,202,null
5955,1714964137772,1714964137973,201,null
5956,1714964137813,1714964137882,69,null
5957,1714964137855,1714964137973,118,null
5958,1714964137892,1714964137973,81,null
5959,1714964137914,1714964137999,85,null
5960,1714964137914,1714964138090,176,null
5961,1714964137914,1714964138195,281,null
5962,1714964137915,1714964138154,239,null
5963,1714964137915,1714964138029,114,null
5964,1714964137915,1714964137999,84,null
5965,1714964137916,1714964138051,135,null
5966,1714964137916,1714964138103,187,null
5967,1714964137917,1714964138403,486,null
5968,1714964137917,1714964138183,266,null
5969,1714964137917,1714964138403,486,null
5970,1714964137918,1714964138217,299,null
5971,1714964137918,1714964138403,485,null
5972,1714964137918,1714964138403,485,null
5973,1714964137919,1714964138403,484,null
5974,1714964137919,1714964138403,484,null
5975,1714964137920,1714964138403,483,null
5976,1714964137920,1714964138403,483,null
5977,1714964137920,1714964138403,483,null
5978,1714964137921,1714964138403,482,null
5979,1714964137921,1714964138213,292,null
5980,1714964137921,1714964138403,482,null
5981,1714964137922,1714964138239,317,null
5982,1714964137922,1714964138376,454,null
5983,1714964137922,1714964138248,326,null
5984,1714964137923,1714964138376,453,null
5985,1714964137923,1714964138376,453,null
5986,1714964137923,1714964138376,453,null
5987,1714964137924,1714964138376,452,null
5988,1714964137924,1714964138376,452,null
5989,1714964137924,1714964138403,479,null
5990,1714964137925,1714964138403,478,null
5991,1714964137925,1714964138403,478,null
5992,1714964137925,1714964138403,478,null
5993,1714964137938,1714964138403,465,null
5994,1714964137938,1714964138193,255,null
5995,1714964137939,1714964138403,464,null
5996,1714964137939,1714964138403,464,null
5997,1714964137940,1714964138241,301,null
5998,1714964137940,1714964138403,463,null
5999,1714964137940,1714964138403,463,null
6000,1714964137941,1714964138401,460,null
6001,1714964137942,1714964138027,85,null
6002,1714964137942,1714964138070,128,null
6003,1714964137943,1714964138032,89,null
6004,1714964137943,1714964138101,158,null
6005,1714964137944,1714964138117,173,null
6006,1714964137944,1714964138179,235,null
6007,1714964137945,1714964138114,169,null
6008,1714964137948,1714964138130,182,null
6009,1714964137952,1714964138403,451,null
6010,1714964137952,1714964138099,147,null
6011,1714964137952,1714964138403,451,null
6012,1714964137952,1714964138403,451,null
6013,1714964137952,1714964138181,229,null
6014,1714964137952,1714964138190,238,null
6015,1714964137952,1714964138403,451,null
6016,1714964137953,1714964138403,450,null
6017,1714964137953,1714964138244,291,null
6018,1714964137953,1714964138403,450,null
6019,1714964137953,1714964138376,423,null
6020,1714964137953,1714964138376,423,null
6021,1714964137953,1714964138376,423,null
6022,1714964137953,1714964138403,450,null
6023,1714964137953,1714964138403,450,null
6024,1714964137953,1714964138403,450,null
6025,1714964137954,1714964138403,449,null
6026,1714964137954,1714964138403,449,null
6027,1714964137954,1714964138403,449,null
6028,1714964137954,1714964138403,449,null
6029,1714964137954,1714964138403,449,null
6030,1714964137954,1714964138403,449,null
6031,1714964137954,1714964138403,449,null
6032,1714964137954,1714964138403,449,null
6033,1714964137955,1714964138403,448,null
6034,1714964137955,1714964138403,448,null
6035,1714964137955,1714964138403,448,null
6036,1714964137955,1714964138403,448,null
6037,1714964137955,1714964138863,908,null
6038,1714964137955,1714964138498,543,null
6039,1714964137955,1714964138846,891,null
6040,1714964137955,1714964138847,892,null
6041,1714964137956,1714964138847,891,null
6042,1714964137960,1714964138450,490,null
6043,1714964137960,1714964138403,443,null
6044,1714964137960,1714964138470,510,null
6045,1714964137960,1714964138863,903,null
6046,1714964137960,1714964138863,903,null
6047,1714964137960,1714964139001,1041,null
6048,1714964137960,1714964138777,817,null
6049,1714964137961,1714964138843,882,null
6050,1714964137961,1714964138843,882,null
6051,1714964137961,1714964138844,883,null
6052,1714964137961,1714964138844,883,null
6053,1714964137961,1714964138844,883,null
6054,1714964137961,1714964138844,883,null
6055,1714964137961,1714964138845,884,null
6056,1714964137961,1714964138845,884,null
6057,1714964137961,1714964138845,884,null
6058,1714964137962,1714964138845,883,null
6059,1714964137962,1714964138845,883,null
6060,1714964137962,1714964138846,884,null
6061,1714964137962,1714964138846,884,null
6062,1714964137962,1714964138846,884,null
6063,1714964137962,1714964138846,884,null
6064,1714964137962,1714964138847,885,null
6065,1714964137962,1714964138163,201,null
6066,1714964137962,1714964138847,885,null
6067,1714964137965,1714964138403,438,null
6068,1714964138012,1714964138227,215,null
6069,1714964138020,1714964138237,217,null
6070,1714964138020,1714964138376,356,null
6071,1714964138020,1714964138376,356,null
6072,1714964138020,1714964138376,356,null
6073,1714964138020,1714964138403,383,null
6074,1714964138021,1714964138403,382,null
6075,1714964138021,1714964138403,382,null
6076,1714964138021,1714964138403,382,null
6077,1714964138021,1714964138403,382,null
6078,1714964138021,1714964138403,382,null
6079,1714964138021,1714964138403,382,null
6080,1714964138021,1714964138403,382,null
6081,1714964138022,1714964138403,381,null
6082,1714964138022,1714964138403,381,null
6083,1714964138022,1714964138403,381,null
6084,1714964138022,1714964138403,381,null
6085,1714964138022,1714964138845,823,null
6086,1714964138022,1714964138403,381,null
6087,1714964138022,1714964138404,382,null
6088,1714964138022,1714964138846,824,null
6089,1714964138023,1714964138847,824,null
6090,1714964138023,1714964138847,824,null
6091,1714964138023,1714964138863,840,null
6092,1714964138023,1714964138864,841,null
6093,1714964138023,1714964139000,977,null
6094,1714964138023,1714964138843,820,null
6095,1714964138023,1714964138843,820,null
6096,1714964138033,1714964138844,811,null
6097,1714964138033,1714964138844,811,null
6098,1714964138051,1714964138844,793,null
6099,1714964138051,1714964138844,793,null
6100,1714964138051,1714964138844,793,null
6101,1714964138051,1714964138845,794,null
6102,1714964138051,1714964138845,794,null
6103,1714964138051,1714964138403,352,null
6104,1714964138051,1714964138845,794,null
6105,1714964138052,1714964138403,351,null
6106,1714964138114,1714964138403,289,null
6107,1714964138199,1714964138403,204,null
6108,1714964138199,1714964138403,204,null
6109,1714964138199,1714964138403,204,null
6110,1714964138199,1714964138403,204,null
6111,1714964138199,1714964138404,205,null
6112,1714964138199,1714964138404,205,null
6113,1714964138199,1714964138847,648,null
6114,1714964138200,1714964138864,664,null
6115,1714964138200,1714964138705,505,null
6116,1714964138200,1714964138843,643,null
6117,1714964138200,1714964138844,644,null
6118,1714964138200,1714964138844,644,null
6119,1714964138200,1714964138845,645,null
6120,1714964138200,1714964138845,645,null
6121,1714964138200,1714964138846,646,null
6122,1714964138200,1714964138403,203,null
6123,1714964138200,1714964138847,647,null
6124,1714964138201,1714964138864,663,null
6125,1714964138201,1714964138843,642,null
6126,1714964138201,1714964138843,642,null
6127,1714964138201,1714964138844,643,null
6128,1714964138201,1714964138844,643,null
6129,1714964138201,1714964138845,644,null
6130,1714964138201,1714964138845,644,null
6131,1714964138201,1714964138846,645,null
6132,1714964138201,1714964138846,645,null
6133,1714964138202,1714964138846,644,null
6134,1714964138202,1714964138847,645,null
6135,1714964138202,1714964138847,645,null
6136,1714964138202,1714964138846,644,null
6137,1714964138202,1714964138847,645,null
6138,1714964138202,1714964138863,661,null
6139,1714964138202,1714964138847,645,null
6140,1714964138202,1714964138864,662,null
6141,1714964138202,1714964138846,644,null
6142,1714964138203,1714964138846,643,null
6143,1714964138203,1714964138847,644,null
6144,1714964138203,1714964138847,644,null
6145,1714964138203,1714964138847,644,null
6146,1714964138203,1714964138848,645,null
6147,1714964138203,1714964138863,660,null
6148,1714964138205,1714964138700,495,null
6149,1714964138206,1714964138864,658,null
6150,1714964138206,1714964138774,568,null
6151,1714964138206,1714964138770,564,null
6152,1714964138207,1714964138404,197,null
6153,1714964138208,1714964138864,656,null
6154,1714964138212,1714964138864,652,null
6155,1714964138213,1714964138865,652,null
6156,1714964138213,1714964138864,651,null
6157,1714964138213,1714964138952,739,null
6158,1714964138213,1714964138865,652,null
6159,1714964138219,1714964138905,686,null
6160,1714964138219,1714964138944,725,null
6161,1714964138220,1714964138969,749,null
6162,1714964138220,1714964139407,1187,null
6163,1714964138220,1714964139547,1327,null
6164,1714964138221,1714964139547,1326,null
6165,1714964138221,1714964139547,1326,null
6166,1714964138221,1714964139547,1326,null
6167,1714964138222,1714964139547,1325,null
6168,1714964138222,1714964139547,1325,null
6169,1714964138222,1714964139547,1325,null
6170,1714964138223,1714964139547,1324,null
6171,1714964138223,1714964139547,1324,null
6172,1714964138223,1714964139547,1324,null
6173,1714964138224,1714964139547,1323,null
6174,1714964138224,1714964139547,1323,null
6175,1714964138224,1714964139547,1323,null
6176,1714964138225,1714964139547,1322,null
6177,1714964138225,1714964139547,1322,null
6178,1714964138225,1714964139547,1322,null
6179,1714964138226,1714964138403,177,null
6180,1714964138226,1714964138403,177,null
6181,1714964138325,1714964138403,78,null
6182,1714964138326,1714964138847,521,null
6183,1714964138326,1714964138847,521,null
6184,1714964138327,1714964138847,520,null
6185,1714964138327,1714964138863,536,null
6186,1714964138328,1714964138864,536,null
6187,1714964138328,1714964138854,526,null
6188,1714964138329,1714964138843,514,null
6189,1714964138329,1714964138843,514,null
6190,1714964138330,1714964138843,513,null
6191,1714964138330,1714964138844,514,null
6192,1714964138331,1714964138844,513,null
6193,1714964138331,1714964138844,513,null
6194,1714964138332,1714964138844,512,null
6195,1714964138332,1714964138845,513,null
6196,1714964138333,1714964138845,512,null
6197,1714964138334,1714964138845,511,null
6198,1714964138334,1714964138845,511,null
6199,1714964138335,1714964138845,510,null
6200,1714964138335,1714964138846,511,null
6201,1714964138336,1714964138846,510,null
6202,1714964138337,1714964138846,509,null
6203,1714964138337,1714964138847,510,null
6204,1714964138338,1714964138846,508,null
6205,1714964138353,1714964138696,343,null
6206,1714964138353,1714964138854,501,null
6207,1714964138353,1714964138843,490,null
6208,1714964138353,1714964138843,490,null
6209,1714964138353,1714964138844,491,null
6210,1714964138353,1714964138844,491,null
6211,1714964138353,1714964138844,491,null
6212,1714964138353,1714964138844,491,null
6213,1714964138354,1714964138845,491,null
6214,1714964138354,1714964138845,491,null
6215,1714964138354,1714964138846,492,null
6216,1714964138354,1714964138846,492,null
6217,1714964138354,1714964138846,492,null
6218,1714964138354,1714964138846,492,null
6219,1714964138354,1714964138847,493,null
6220,1714964138354,1714964138847,493,null
6221,1714964138354,1714964138847,493,null
6222,1714964138355,1714964138863,508,null
6223,1714964138355,1714964138864,509,null
6224,1714964138355,1714964138864,509,null
6225,1714964138355,1714964138864,509,null
6226,1714964138355,1714964138944,589,null
6227,1714964138355,1714964138865,510,null
6228,1714964138355,1714964139547,1192,null
6229,1714964138355,1714964138864,509,null
6230,1714964138355,1714964138848,493,null
6231,1714964138356,1714964138864,508,null
6232,1714964138371,1714964138845,474,null
6233,1714964138372,1714964138845,473,null
6234,1714964138373,1714964138845,472,null
6235,1714964138493,1714964138864,371,null
6236,1714964138666,1714964138864,198,null
6237,1714964138667,1714964138864,197,null
6238,1714964138667,1714964138864,197,null
6239,1714964138668,1714964138865,197,null
6240,1714964138668,1714964139547,879,null
6241,1714964138669,1714964138864,195,null
6242,1714964138670,1714964138864,194,null
6243,1714964138670,1714964138864,194,null
6244,1714964138671,1714964138854,183,null
6245,1714964138671,1714964138864,193,null
6246,1714964138672,1714964138864,192,null
6247,1714964138673,1714964138865,192,null
6248,1714964138673,1714964138865,192,null
6249,1714964138674,1714964138865,191,null
6250,1714964138674,1714964138865,191,null
6251,1714964138675,1714964138911,236,null
6252,1714964138676,1714964138865,189,null
6253,1714964138676,1714964138768,92,null
6254,1714964138748,1714964138867,119,null
6255,1714964138749,1714964138915,166,null
6256,1714964138749,1714964138851,102,null
6257,1714964138750,1714964139246,496,null
6258,1714964138750,1714964139001,251,null
6259,1714964138750,1714964139547,797,null
6260,1714964138750,1714964139547,797,null
6261,1714964138751,1714964139547,796,null
6262,1714964138751,1714964139547,796,null
6263,1714964138751,1714964139547,796,null
6264,1714964138752,1714964139547,795,null
6265,1714964138752,1714964139547,795,null
6266,1714964138752,1714964139547,795,null
6267,1714964138753,1714964139547,794,null
6268,1714964138753,1714964139547,794,null
6269,1714964138753,1714964139250,497,null
6270,1714964138754,1714964139547,793,null
6271,1714964138754,1714964139547,793,null
6272,1714964138759,1714964139547,788,null
6273,1714964138759,1714964139547,788,null
6274,1714964138760,1714964139547,787,null
6275,1714964138760,1714964139547,787,null
6276,1714964138760,1714964139547,787,null
6277,1714964138761,1714964139547,786,null
6278,1714964138761,1714964139547,786,null
6279,1714964138761,1714964139547,786,null
6280,1714964138762,1714964139547,785,null
6281,1714964138762,1714964139547,785,null
6282,1714964138762,1714964139547,785,null
6283,1714964138763,1714964139547,784,null
6284,1714964138763,1714964139547,784,null
6285,1714964138763,1714964139547,784,null
6286,1714964138764,1714964139547,783,null
6287,1714964138764,1714964139547,783,null
6288,1714964138764,1714964139547,783,null
6289,1714964138765,1714964139547,782,null
6290,1714964138765,1714964139547,782,null
6291,1714964138765,1714964139547,782,null
6292,1714964138766,1714964139547,781,null
6293,1714964138766,1714964139547,781,null
6294,1714964138766,1714964139547,781,null
6295,1714964138767,1714964139547,780,null
6296,1714964138767,1714964139547,780,null
6297,1714964138767,1714964139260,493,null
6298,1714964138768,1714964138966,198,null
6299,1714964138768,1714964139547,779,null
6300,1714964138776,1714964139547,771,null
6301,1714964138777,1714964139547,770,null
6302,1714964138778,1714964139547,769,null
6303,1714964138778,1714964139256,478,null
6304,1714964138778,1714964139405,627,null
6305,1714964138778,1714964139547,769,null
6306,1714964138778,1714964139547,769,null
6307,1714964138883,1714964139547,664,null
6308,1714964138883,1714964139547,664,null
6309,1714964138884,1714964139547,663,null
6310,1714964138884,1714964139547,663,null
6311,1714964138884,1714964139547,663,null
6312,1714964138885,1714964139547,662,null
6313,1714964138885,1714964139547,662,null
6314,1714964138885,1714964139547,662,null
6315,1714964138886,1714964139547,661,null
6316,1714964138886,1714964139547,661,null
6317,1714964138887,1714964139547,660,null
6318,1714964138887,1714964139547,660,null
6319,1714964138887,1714964139547,660,null
6320,1714964138888,1714964139547,659,null
6321,1714964138888,1714964139547,659,null
6322,1714964138888,1714964139547,659,null
6323,1714964138889,1714964139547,658,null
6324,1714964138889,1714964139547,658,null
6325,1714964138889,1714964139547,658,null
6326,1714964138890,1714964139547,657,null
6327,1714964138890,1714964139547,657,null
6328,1714964138890,1714964139547,657,null
6329,1714964138891,1714964139547,656,null
6330,1714964138891,1714964139547,656,null
6331,1714964138891,1714964139547,656,null
6332,1714964138891,1714964139547,656,null
6333,1714964138892,1714964139547,655,null
6334,1714964138892,1714964140348,1456,null
6335,1714964138892,1714964139631,739,null
6336,1714964138893,1714964139547,654,null
6337,1714964138893,1714964139547,654,null
6338,1714964138893,1714964140348,1455,null
6339,1714964138894,1714964139547,653,null
6340,1714964138894,1714964139631,737,null
6341,1714964138894,1714964140348,1454,null
6342,1714964138894,1714964140348,1454,null
6343,1714964138895,1714964140348,1453,null
6344,1714964138895,1714964140348,1453,null
6345,1714964138895,1714964140348,1453,null
6346,1714964138896,1714964140348,1452,null
6347,1714964138896,1714964140348,1452,null
6348,1714964138896,1714964140348,1452,null
6349,1714964138897,1714964139547,650,null
6350,1714964138897,1714964140348,1451,null
6351,1714964138897,1714964140348,1451,null
6352,1714964138897,1714964140348,1451,null
6353,1714964138898,1714964139682,784,null
6354,1714964138898,1714964139682,784,null
6355,1714964138899,1714964140348,1449,null
6356,1714964138899,1714964140348,1449,null
6357,1714964138899,1714964140348,1449,null
6358,1714964138900,1714964140348,1448,null
6359,1714964138900,1714964140348,1448,null
6360,1714964138900,1714964140348,1448,null
6361,1714964138901,1714964140348,1447,null
6362,1714964138901,1714964139682,781,null
6363,1714964138901,1714964140348,1447,null
6364,1714964138902,1714964140348,1446,null
6365,1714964138902,1714964139547,645,null
6366,1714964138902,1714964140348,1446,null
6367,1714964138969,1714964140348,1379,null
6368,1714964138969,1714964140348,1379,null
6369,1714964138970,1714964140348,1378,null
6370,1714964139061,1714964140348,1287,null
6371,1714964139061,1714964140348,1287,null
6372,1714964139061,1714964139547,486,null
6373,1714964139062,1714964139547,485,null
6374,1714964139062,1714964139547,485,null
6375,1714964139199,1714964139547,348,null
6376,1714964139199,1714964139547,348,null
6377,1714964139200,1714964139547,347,null
6378,1714964139200,1714964139547,347,null
6379,1714964139201,1714964139547,346,null
6380,1714964139202,1714964139547,345,null
6381,1714964139202,1714964139547,345,null
6382,1714964139203,1714964139547,344,null
6383,1714964139204,1714964139547,343,null
6384,1714964139204,1714964139547,343,null
6385,1714964139205,1714964139547,342,null
6386,1714964139206,1714964139547,341,null
6387,1714964139207,1714964139547,340,null
6388,1714964139207,1714964139547,340,null
6389,1714964139208,1714964139547,339,null
6390,1714964139209,1714964139547,338,null
6391,1714964139209,1714964139547,338,null
6392,1714964139210,1714964139547,337,null
6393,1714964139211,1714964139547,336,null
6394,1714964139211,1714964139547,336,null
6395,1714964139212,1714964139547,335,null
6396,1714964139212,1714964139547,335,null
6397,1714964139213,1714964140348,1135,null
6398,1714964139213,1714964139682,469,null
6399,1714964139214,1714964139547,333,null
6400,1714964139214,1714964140348,1134,null
6401,1714964139215,1714964139547,332,null
6402,1714964139251,1714964139547,296,null
6403,1714964139251,1714964139547,296,null
6404,1714964139252,1714964139547,295,null
6405,1714964139253,1714964139547,294,null
6406,1714964139253,1714964139547,294,null
6407,1714964139254,1714964139547,293,null
6408,1714964139254,1714964139547,293,null
6409,1714964139255,1714964139547,292,null
6410,1714964139255,1714964139547,292,null
6411,1714964139258,1714964139644,386,null
6412,1714964139258,1714964140567,1309,null
6413,1714964139259,1714964139547,288,null
6414,1714964139259,1714964140348,1089,null
6415,1714964139262,1714964139631,369,null
6416,1714964139262,1714964139631,369,null
6417,1714964139262,1714964139647,385,null
6418,1714964139263,1714964140348,1085,null
6419,1714964139263,1714964140348,1085,null
6420,1714964139264,1714964140348,1084,null
6421,1714964139264,1714964140348,1084,null
6422,1714964139264,1714964140348,1084,null
6423,1714964139265,1714964140348,1083,null
6424,1714964139265,1714964140348,1083,null
6425,1714964139265,1714964140348,1083,null
6426,1714964139266,1714964140348,1082,null
6427,1714964139266,1714964140348,1082,null
6428,1714964139266,1714964140348,1082,null
6429,1714964139267,1714964140348,1081,null
6430,1714964139267,1714964140348,1081,null
6431,1714964139267,1714964139547,280,null
6432,1714964139415,1714964140348,933,null
6433,1714964139415,1714964140348,933,null
6434,1714964139415,1714964140348,933,null
6435,1714964139415,1714964140348,933,null
6436,1714964139415,1714964139698,283,null
6437,1714964139415,1714964140348,933,null
6438,1714964139415,1714964139709,294,null
6439,1714964139416,1714964140348,932,null
6440,1714964139416,1714964139715,299,null
6441,1714964139416,1714964140348,932,null
6442,1714964139416,1714964140348,932,null
6443,1714964139416,1714964140161,745,null
6444,1714964139416,1714964140348,932,null
6445,1714964139416,1714964139952,536,null
6446,1714964139416,1714964140161,745,null
6447,1714964139417,1714964140348,931,null
6448,1714964139417,1714964140348,931,null
6449,1714964139417,1714964140348,931,null
6450,1714964139417,1714964140348,931,null
6451,1714964139417,1714964140348,931,null
6452,1714964139417,1714964140348,931,null
6453,1714964139417,1714964140348,931,null
6454,1714964139417,1714964140161,744,null
6455,1714964139417,1714964140176,759,null
6456,1714964139418,1714964140348,930,null
6457,1714964139418,1714964140348,930,null
6458,1714964139418,1714964140176,758,null
6459,1714964139418,1714964140348,930,null
6460,1714964139418,1714964140348,930,null
6461,1714964139418,1714964140348,930,null
6462,1714964139418,1714964140348,930,null
6463,1714964139419,1714964140348,929,null
6464,1714964139419,1714964140348,929,null
6465,1714964139419,1714964140348,929,null
6466,1714964139419,1714964140348,929,null
6467,1714964139419,1714964140348,929,null
6468,1714964139419,1714964140348,929,null
6469,1714964139420,1714964140348,928,null
6470,1714964139421,1714964140349,928,null
6471,1714964139421,1714964140349,928,null
6472,1714964139421,1714964140349,928,null
6473,1714964139421,1714964140176,755,null
6474,1714964139421,1714964140348,927,null
6475,1714964139422,1714964140349,927,null
6476,1714964139422,1714964140349,927,null
6477,1714964139422,1714964140349,927,null
6478,1714964139422,1714964140349,927,null
6479,1714964139422,1714964140349,927,null
6480,1714964139422,1714964140349,927,null
6481,1714964139423,1714964140013,590,null
6482,1714964139423,1714964140062,639,null
6483,1714964139423,1714964140161,738,null
6484,1714964139423,1714964140161,738,null
6485,1714964139423,1714964140161,738,null
6486,1714964139424,1714964140161,737,null
6487,1714964139424,1714964140161,737,null
6488,1714964139424,1714964140161,737,null
6489,1714964139424,1714964140161,737,null
6490,1714964139424,1714964140161,737,null
6491,1714964139424,1714964140161,737,null
6492,1714964139424,1714964140161,737,null
6493,1714964139425,1714964140161,736,null
6494,1714964139425,1714964140161,736,null
6495,1714964139425,1714964140161,736,null
6496,1714964139425,1714964140161,736,null
6497,1714964139425,1714964140161,736,null
6498,1714964139425,1714964140176,751,null
6499,1714964139425,1714964140176,751,null
6500,1714964139426,1714964140176,750,null
6501,1714964139426,1714964140176,750,null
6502,1714964139426,1714964140176,750,null
6503,1714964139426,1714964140176,750,null
6504,1714964139426,1714964140176,750,null
6505,1714964139426,1714964140176,750,null
6506,1714964139427,1714964140176,749,null
6507,1714964139427,1714964140176,749,null
6508,1714964139427,1714964140176,749,null
6509,1714964139427,1714964140176,749,null
6510,1714964139427,1714964140176,749,null
6511,1714964139427,1714964140176,749,null
6512,1714964139428,1714964140176,748,null
6513,1714964139428,1714964140176,748,null
6514,1714964139428,1714964140221,793,null
6515,1714964139428,1714964140262,834,null
6516,1714964139428,1714964140176,748,null
6517,1714964139428,1714964140176,748,null
6518,1714964139428,1714964140176,748,null
6519,1714964139429,1714964140176,747,null
6520,1714964139429,1714964140176,747,null
6521,1714964139429,1714964140549,1120,null
6522,1714964139429,1714964140205,776,null
6523,1714964139429,1714964140066,637,null
6524,1714964139429,1714964140349,920,null
6525,1714964139430,1714964140348,918,null
6526,1714964139430,1714964140217,787,null
6527,1714964139527,1714964140211,684,null
6528,1714964139528,1714964140218,690,null
6529,1714964139529,1714964140334,805,null
6530,1714964139529,1714964140262,733,null
6531,1714964139529,1714964140567,1038,null
6532,1714964139530,1714964140262,732,null
6533,1714964139530,1714964140334,804,null
6534,1714964139531,1714964140452,921,null
6535,1714964139531,1714964140262,731,null
6536,1714964139531,1714964140567,1036,null
6537,1714964139532,1714964140460,928,null
6538,1714964139533,1714964140549,1016,null
6539,1714964139533,1714964140549,1016,null
6540,1714964139534,1714964140549,1015,null
6541,1714964139534,1714964140440,906,null
6542,1714964139535,1714964140592,1057,null
6543,1714964139535,1714964140592,1057,null
6544,1714964139536,1714964140592,1056,null
6545,1714964139536,1714964140549,1013,null
6546,1714964139537,1714964140550,1013,null
6547,1714964139537,1714964140550,1013,null
6548,1714964139538,1714964140550,1012,null
6549,1714964139538,1714964140567,1029,null
6550,1714964139538,1714964140567,1029,null
6551,1714964139539,1714964140161,622,null
6552,1714964139540,1714964140176,636,null
6553,1714964139540,1714964140176,636,null
6554,1714964139541,1714964140348,807,null
6555,1714964139541,1714964140348,807,null
6556,1714964139542,1714964140176,634,null
6557,1714964139542,1714964140176,634,null
6558,1714964139543,1714964140176,633,null
6559,1714964139543,1714964140349,806,null
6560,1714964139544,1714964140064,520,null
6561,1714964139544,1714964140161,617,null
6562,1714964139544,1714964140161,617,null
6563,1714964139545,1714964140161,616,null
6564,1714964139545,1714964140161,616,null
6565,1714964139546,1714964140348,802,null
6566,1714964139546,1714964140176,630,null
6567,1714964139546,1714964140161,615,null
6568,1714964139689,1714964140176,487,null
6569,1714964139689,1714964140176,487,null
6570,1714964139690,1714964140176,486,null
6571,1714964139690,1714964140176,486,null
6572,1714964139690,1714964140348,658,null
6573,1714964139691,1714964140348,657,null
6574,1714964139693,1714964140348,655,null
6575,1714964139694,1714964140176,482,null
6576,1714964139694,1714964140348,654,null
6577,1714964139695,1714964140348,653,null
6578,1714964139696,1714964140349,653,null
6579,1714964139696,1714964140349,653,null
6580,1714964139697,1714964140349,652,null
6581,1714964139697,1714964140349,652,null
6582,1714964139698,1714964140349,651,null
6583,1714964139698,1714964140349,651,null
6584,1714964139699,1714964140060,361,null
6585,1714964139700,1714964140176,476,null
6586,1714964139700,1714964140348,648,null
6587,1714964139701,1714964140349,648,null
6588,1714964139707,1714964140349,642,null
6589,1714964139708,1714964140349,641,null
6590,1714964139708,1714964140349,641,null
6591,1714964139709,1714964140067,358,null
6592,1714964139709,1714964140143,434,null
6593,1714964139711,1714964140176,465,null
6594,1714964139711,1714964140161,450,null
6595,1714964139712,1714964140161,449,null
6596,1714964139712,1714964140161,449,null
6597,1714964139712,1714964140161,449,null
6598,1714964139713,1714964140161,448,null
6599,1714964139713,1714964140161,448,null
6600,1714964139713,1714964140161,448,null
6601,1714964139714,1714964140161,447,null
6602,1714964139714,1714964140161,447,null
6603,1714964139714,1714964140176,462,null
6604,1714964139715,1714964140176,461,null
6605,1714964139715,1714964140176,461,null
6606,1714964139717,1714964140176,459,null
6607,1714964139717,1714964140161,444,null
6608,1714964139718,1714964140176,458,null
6609,1714964139941,1714964140176,235,null
6610,1714964139942,1714964140176,234,null
6611,1714964139942,1714964140176,234,null
6612,1714964139943,1714964140176,233,null
6613,1714964139944,1714964140176,232,null
6614,1714964139944,1714964140176,232,null
6615,1714964139945,1714964140176,231,null
6616,1714964139945,1714964140176,231,null
6617,1714964139946,1714964140161,215,null
6618,1714964139946,1714964140176,230,null
6619,1714964139947,1714964140176,229,null
6620,1714964139947,1714964140176,229,null
6621,1714964139948,1714964140176,228,null
6622,1714964139948,1714964140176,228,null
6623,1714964139949,1714964140176,227,null
6624,1714964139950,1714964140161,211,null
6625,1714964139950,1714964140176,226,null
6626,1714964139950,1714964140176,226,null
6627,1714964139951,1714964140202,251,null
6628,1714964139951,1714964140176,225,null
6629,1714964139952,1714964140179,227,null
6630,1714964139952,1714964140176,224,null
6631,1714964139953,1714964140176,223,null
6632,1714964140051,1714964140220,169,null
6633,1714964140152,1714964140262,110,null
6634,1714964140161,1714964140549,388,null
6635,1714964140161,1714964140335,174,null
6636,1714964140161,1714964140567,406,null
6637,1714964140161,1714964140567,406,null
6638,1714964140161,1714964140520,359,null
6639,1714964140161,1714964140546,385,null
6640,1714964140161,1714964140546,385,null
6641,1714964140161,1714964140549,388,null
6642,1714964140162,1714964140567,405,null
6643,1714964140179,1714964140549,370,null
6644,1714964140179,1714964140592,413,null
6645,1714964140179,1714964140592,413,null
6646,1714964140179,1714964140592,413,null
6647,1714964140180,1714964140592,412,null
6648,1714964140180,1714964140549,369,null
6649,1714964140180,1714964140550,370,null
6650,1714964140180,1714964140550,370,null
6651,1714964140180,1714964140567,387,null
6652,1714964140180,1714964140592,412,null
6653,1714964140180,1714964140592,412,null
6654,1714964140180,1714964140592,412,null
6655,1714964140181,1714964140592,411,null
6656,1714964140181,1714964140592,411,null
6657,1714964140181,1714964140604,423,null
6658,1714964140181,1714964140592,411,null
6659,1714964140181,1714964140592,411,null
6660,1714964140181,1714964140592,411,null
6661,1714964140181,1714964140662,481,null
6662,1714964140181,1714964140662,481,null
6663,1714964140182,1714964140592,410,null
6664,1714964140182,1714964140592,410,null
6665,1714964140182,1714964140592,410,null
6666,1714964140182,1714964140592,410,null
6667,1714964140182,1714964140592,410,null
6668,1714964140182,1714964140592,410,null
6669,1714964140182,1714964140592,410,null
6670,1714964140182,1714964140527,345,null
6671,1714964140183,1714964140592,409,null
6672,1714964140183,1714964140541,358,null
6673,1714964140183,1714964140539,356,null
6674,1714964140183,1714964140549,366,null
6675,1714964140183,1714964140550,367,null
6676,1714964140183,1714964140566,383,null
6677,1714964140183,1714964140451,268,null
6678,1714964140183,1714964140456,273,null
6679,1714964140183,1714964140339,156,null
6680,1714964140240,1714964140592,352,null
6681,1714964140240,1714964140592,352,null
6682,1714964140240,1714964140592,352,null
6683,1714964140240,1714964140592,352,null
6684,1714964140240,1714964140592,352,null
6685,1714964140241,1714964140592,351,null
6686,1714964140241,1714964140592,351,null
6687,1714964140241,1714964140592,351,null
6688,1714964140241,1714964140592,351,null
6689,1714964140241,1714964140592,351,null
6690,1714964140241,1714964140604,363,null
6691,1714964140241,1714964140592,351,null
6692,1714964140241,1714964140592,351,null
6693,1714964140242,1714964140592,350,null
6694,1714964140242,1714964140592,350,null
6695,1714964140242,1714964140592,350,null
6696,1714964140306,1714964140592,286,null
6697,1714964140384,1714964140592,208,null
6698,1714964140384,1714964140592,208,null
6699,1714964140385,1714964140592,207,null
6700,1714964140385,1714964140592,207,null
6701,1714964140385,1714964140604,219,null
6702,1714964140386,1714964140662,276,null
6703,1714964140386,1714964140604,218,null
6704,1714964140387,1714964140592,205,null
6705,1714964140387,1714964140544,157,null
6706,1714964140388,1714964140604,216,null
6707,1714964140388,1714964140669,281,null
6708,1714964140389,1714964140592,203,null
6709,1714964140389,1714964140662,273,null
6710,1714964140389,1714964140649,260,null
6711,1714964140390,1714964140547,157,null
6712,1714964140390,1714964140604,214,null
6713,1714964140391,1714964140592,201,null
6714,1714964140391,1714964140662,271,null
6715,1714964140448,1714964140604,156,null
6716,1714964140449,1714964140604,155,null
6717,1714964140450,1714964140662,212,null
6718,1714964140450,1714964140604,154,null
6719,1714964140453,1714964140669,216,null
6720,1714964140454,1714964140662,208,null
6721,1714964140454,1714964140650,196,null
6722,1714964140455,1714964140653,198,null
6723,1714964140456,1714964140686,230,null
6724,1714964140457,1714964140704,247,null
6725,1714964140458,1714964140693,235,null
6726,1714964140458,1714964140691,233,null
6727,1714964140459,1714964140687,228,null
6728,1714964140459,1714964140695,236,null
6729,1714964140460,1714964140669,209,null
6730,1714964140517,1714964140604,87,null
6731,1714964140524,1714964140751,227,null
6732,1714964140576,1714964140723,147,null
6733,1714964140658,1714964140965,307,null
6734,1714964140666,1714964140965,299,null
6735,1714964140666,1714964140823,157,null
6736,1714964140666,1714964140952,286,null
6737,1714964140667,1714964140961,294,null
6738,1714964140667,1714964140965,298,null
6739,1714964140667,1714964140965,298,null
6740,1714964140667,1714964140765,98,null
6741,1714964140667,1714964140751,84,null
6742,1714964140670,1714964140739,69,null
6743,1714964140671,1714964140965,294,null
6744,1714964140671,1714964140965,294,null
6745,1714964140671,1714964140879,208,null
6746,1714964140671,1714964140950,279,null
6747,1714964140671,1714964140959,288,null
6748,1714964140671,1714964140714,43,null
6749,1714964140671,1714964140817,146,null
6750,1714964140672,1714964140751,79,null
6751,1714964140672,1714964140758,86,null
6752,1714964140672,1714964140955,283,null
6753,1714964140672,1714964140822,150,null
6754,1714964140672,1714964140948,276,null
6755,1714964140685,1714964140957,272,null
6756,1714964140685,1714964140964,279,null
6757,1714964140685,1714964140965,280,null
6758,1714964140685,1714964140965,280,null
6759,1714964140685,1714964140965,280,null
6760,1714964140685,1714964140965,280,null
6761,1714964140685,1714964140965,280,null
6762,1714964140685,1714964140965,280,null
6763,1714964140686,1714964140953,267,null
6764,1714964140686,1714964140961,275,null
6765,1714964140686,1714964140965,279,null
6766,1714964140686,1714964140965,279,null
6767,1714964140686,1714964140962,276,null
6768,1714964140686,1714964140965,279,null
6769,1714964140687,1714964140965,278,null
6770,1714964140688,1714964140965,277,null
6771,1714964140704,1714964140965,261,null
6772,1714964140705,1714964140965,260,null
6773,1714964140705,1714964140965,260,null
6774,1714964140705,1714964140965,260,null
6775,1714964140705,1714964140965,260,null
6776,1714964140706,1714964140965,259,null
6777,1714964140706,1714964140946,240,null
6778,1714964140706,1714964140965,259,null
6779,1714964140707,1714964140965,258,null
6780,1714964140800,1714964140965,165,null
6781,1714964140810,1714964140965,155,null
6782,1714964140810,1714964140965,155,null
6783,1714964140842,1714964140965,123,null
6784,1714964140843,1714964140965,122,null
6785,1714964140844,1714964140965,121,null
6786,1714964140847,1714964140967,120,null
6787,1714964140847,1714964140965,118,null
6788,1714964140848,1714964140965,117,null
6789,1714964140848,1714964140965,117,null
6790,1714964140878,1714964140966,88,null
6791,1714964140878,1714964141138,260,null
6792,1714964140884,1714964140966,82,null
6793,1714964140884,1714964140966,82,null
6794,1714964140884,1714964140966,82,null
6795,1714964140884,1714964140966,82,null
6796,1714964140884,1714964140966,82,null
6797,1714964140884,1714964140966,82,null
6798,1714964140884,1714964141138,254,null
6799,1714964140885,1714964141138,253,null
6800,1714964140885,1714964140966,81,null
6801,1714964140885,1714964141138,253,null
6802,1714964140885,1714964141138,253,null
6803,1714964140885,1714964141138,253,null
6804,1714964140885,1714964141138,253,null
6805,1714964140885,1714964141127,242,null
6806,1714964140885,1714964140965,80,null
6807,1714964140886,1714964140965,79,null
6808,1714964140886,1714964140965,79,null
6809,1714964140886,1714964140966,80,null
6810,1714964140886,1714964140966,80,null
6811,1714964140886,1714964140966,80,null
6812,1714964140886,1714964140966,80,null
6813,1714964140886,1714964141138,252,null
6814,1714964140886,1714964141138,252,null
6815,1714964140886,1714964141138,252,null
6816,1714964140887,1714964141138,251,null
6817,1714964140887,1714964141043,156,null
6818,1714964140887,1714964141138,251,null
6819,1714964140887,1714964141138,251,null
6820,1714964140887,1714964141138,251,null
6821,1714964140887,1714964141138,251,null
6822,1714964140887,1714964141138,251,null
6823,1714964140887,1714964141138,251,null
6824,1714964140887,1714964140965,78,null
6825,1714964140888,1714964141138,250,null
6826,1714964140907,1714964141138,231,null
6827,1714964140907,1714964140966,59,null
6828,1714964140907,1714964140966,59,null
6829,1714964140907,1714964140966,59,null
6830,1714964140907,1714964140966,59,null
6831,1714964140908,1714964141127,219,null
6832,1714964140911,1714964141138,227,null
6833,1714964140911,1714964140966,55,null
6834,1714964140912,1714964141042,130,null
6835,1714964140912,1714964141138,226,null
6836,1714964140912,1714964141138,226,null
6837,1714964140913,1714964141138,225,null
6838,1714964140913,1714964141138,225,null
6839,1714964140913,1714964141138,225,null
6840,1714964140914,1714964141138,224,null
6841,1714964140914,1714964141138,224,null
6842,1714964140914,1714964141138,224,null
6843,1714964140915,1714964141138,223,null
6844,1714964140915,1714964141138,223,null
6845,1714964140915,1714964141138,223,null
6846,1714964140924,1714964141773,849,null
6847,1714964140924,1714964142021,1097,null
6848,1714964140925,1714964142021,1096,null
6849,1714964140925,1714964142022,1097,null
6850,1714964140925,1714964141262,337,null
6851,1714964140925,1714964141277,352,null
6852,1714964140926,1714964141471,545,null
6853,1714964140927,1714964141528,601,null
6854,1714964140927,1714964141533,606,null
6855,1714964140928,1714964141540,612,null
6856,1714964140928,1714964141542,614,null
6857,1714964140932,1714964141542,610,null
6858,1714964140933,1714964141542,609,null
6859,1714964140934,1714964141768,834,null
6860,1714964140935,1714964142021,1086,null
6861,1714964140935,1714964142021,1086,null
6862,1714964140935,1714964142021,1086,null
6863,1714964140936,1714964142021,1085,null
6864,1714964140937,1714964142021,1084,null
6865,1714964140937,1714964142021,1084,null
6866,1714964140938,1714964142021,1083,null
6867,1714964140938,1714964142022,1084,null
6868,1714964140939,1714964142022,1083,null
6869,1714964140939,1714964142022,1083,null
6870,1714964140940,1714964142022,1082,null
6871,1714964140941,1714964142022,1081,null
6872,1714964140941,1714964142022,1081,null
6873,1714964140942,1714964142022,1080,null
6874,1714964140942,1714964142022,1080,null
6875,1714964140943,1714964142022,1079,null
6876,1714964140943,1714964142022,1079,null
6877,1714964140944,1714964142022,1078,null
6878,1714964140944,1714964141138,194,null
6879,1714964140945,1714964141138,193,null
6880,1714964141019,1714964141138,119,null
6881,1714964141021,1714964141138,117,null
6882,1714964141022,1714964141138,116,null
6883,1714964141022,1714964141138,116,null
6884,1714964141023,1714964141138,115,null
6885,1714964141024,1714964141138,114,null
6886,1714964141025,1714964141138,113,null
6887,1714964141025,1714964141138,113,null
6888,1714964141025,1714964141138,113,null
6889,1714964141026,1714964141138,112,null
6890,1714964141026,1714964141138,112,null
6891,1714964141027,1714964141138,111,null
6892,1714964141027,1714964141138,111,null
6893,1714964141028,1714964141138,110,null
6894,1714964141029,1714964141138,109,null
6895,1714964141030,1714964141138,108,null
6896,1714964141030,1714964141138,108,null
6897,1714964141050,1714964141138,88,null
6898,1714964141051,1714964141138,87,null
6899,1714964141052,1714964141138,86,null
6900,1714964141052,1714964141138,86,null
6901,1714964141053,1714964141138,85,null
6902,1714964141054,1714964141138,84,null
6903,1714964141054,1714964142021,967,null
6904,1714964141055,1714964141198,143,null
6905,1714964141056,1714964142021,965,null
6906,1714964141056,1714964142021,965,null
6907,1714964141057,1714964142022,965,null
6908,1714964141057,1714964142021,964,null
6909,1714964141058,1714964142022,964,null
6910,1714964141059,1714964142022,963,null
6911,1714964141059,1714964142022,963,null
6912,1714964141060,1714964141266,206,null
6913,1714964141061,1714964141468,407,null
6914,1714964141061,1714964141276,215,null
6915,1714964141062,1714964141473,411,null
6916,1714964141062,1714964141475,413,null
6917,1714964141063,1714964141530,467,null
6918,1714964141064,1714964141535,471,null
6919,1714964141064,1714964141537,473,null
6920,1714964141065,1714964141542,477,null
6921,1714964141065,1714964141542,477,null
6922,1714964141066,1714964141542,476,null
6923,1714964141067,1714964141542,475,null
6924,1714964141067,1714964141542,475,null
6925,1714964141068,1714964141542,474,null
6926,1714964141068,1714964141542,474,null
6927,1714964141069,1714964141138,69,null
6928,1714964141069,1714964141138,69,null
6929,1714964141109,1714964142021,912,null
6930,1714964141110,1714964142022,912,null
6931,1714964141110,1714964142022,912,null
6932,1714964141110,1714964141470,360,null
6933,1714964141111,1714964141531,420,null
6934,1714964141111,1714964141538,427,null
6935,1714964141111,1714964141542,431,null
6936,1714964141112,1714964141542,430,null
6937,1714964141112,1714964141542,430,null
6938,1714964141112,1714964141543,431,null
6939,1714964141113,1714964141543,430,null
6940,1714964141113,1714964141777,664,null
6941,1714964141113,1714964142021,908,null
6942,1714964141114,1714964142021,907,null
6943,1714964141114,1714964142021,907,null
6944,1714964141114,1714964142022,908,null
6945,1714964141115,1714964142021,906,null
6946,1714964141115,1714964142021,906,null
6947,1714964141115,1714964142021,906,null
6948,1714964141116,1714964142021,905,null
6949,1714964141116,1714964142021,905,null
6950,1714964141117,1714964142021,904,null
6951,1714964141117,1714964142021,904,null
6952,1714964141117,1714964142021,904,null
6953,1714964141118,1714964142022,904,null
6954,1714964141118,1714964142022,904,null
6955,1714964141119,1714964142022,903,null
6956,1714964141119,1714964142022,903,null
6957,1714964141119,1714964142022,903,null
6958,1714964141120,1714964142022,902,null
6959,1714964141120,1714964142022,902,null
6960,1714964141120,1714964142022,902,null
6961,1714964141121,1714964142022,901,null
6962,1714964141121,1714964142022,901,null
6963,1714964141121,1714964142022,901,null
6964,1714964141122,1714964142022,900,null
6965,1714964141122,1714964142022,900,null
6966,1714964141122,1714964142022,900,null
6967,1714964141123,1714964142022,899,null
6968,1714964141123,1714964142022,899,null
6969,1714964141123,1714964142022,899,null
6970,1714964141124,1714964142022,898,null
6971,1714964141124,1714964142022,898,null
6972,1714964141124,1714964142022,898,null
6973,1714964141125,1714964142022,897,null
6974,1714964141138,1714964142022,884,null
6975,1714964141139,1714964141538,399,null
6976,1714964141139,1714964141542,403,null
6977,1714964141139,1714964141542,403,null
6978,1714964141139,1714964141542,403,null
6979,1714964141139,1714964141543,404,null
6980,1714964141139,1714964142021,882,null
6981,1714964141139,1714964142021,882,null
6982,1714964141139,1714964142022,883,null
6983,1714964141139,1714964142021,882,null
6984,1714964141140,1714964142021,881,null
6985,1714964141140,1714964142021,881,null
6986,1714964141140,1714964142021,881,null
6987,1714964141140,1714964142021,881,null
6988,1714964141140,1714964142021,881,null
6989,1714964141140,1714964142021,881,null
6990,1714964141140,1714964142021,881,null
6991,1714964141140,1714964142021,881,null
6992,1714964141141,1714964142022,881,null
6993,1714964141141,1714964142022,881,null
6994,1714964141141,1714964142022,881,null
6995,1714964141141,1714964142022,881,null
6996,1714964141141,1714964142022,881,null
6997,1714964141141,1714964142022,881,null
6998,1714964141141,1714964142022,881,null
6999,1714964141141,1714964142022,881,null
7000,1714964141142,1714964142022,880,null
7001,1714964141142,1714964142022,880,null
7002,1714964141142,1714964142022,880,null
7003,1714964141142,1714964142022,880,null
7004,1714964141142,1714964142022,880,null
7005,1714964141142,1714964142022,880,null
7006,1714964141142,1714964142022,880,null
7007,1714964141142,1714964142022,880,null
7008,1714964141143,1714964142022,879,null
7009,1714964141143,1714964142022,879,null
7010,1714964141143,1714964142022,879,null
7011,1714964141143,1714964142022,879,null
7012,1714964141143,1714964142022,879,null
7013,1714964141172,1714964142022,850,null
7014,1714964141172,1714964142022,850,null
7015,1714964141172,1714964142022,850,null
7016,1714964141172,1714964142022,850,null
7017,1714964141172,1714964142022,850,null
7018,1714964141173,1714964142022,849,null
7019,1714964141173,1714964142022,849,null
7020,1714964141173,1714964142071,898,null
7021,1714964141173,1714964142022,849,null
7022,1714964141173,1714964141771,598,null
7023,1714964141173,1714964142022,849,null
7024,1714964141173,1714964142022,849,null
7025,1714964141173,1714964142022,849,null
7026,1714964141174,1714964142022,848,null
7027,1714964141174,1714964142220,1046,null
7028,1714964141174,1714964142022,848,null
7029,1714964141174,1714964142071,897,null
7030,1714964141174,1714964142071,897,null
7031,1714964141174,1714964142022,848,null
7032,1714964141174,1714964142022,848,null
7033,1714964141174,1714964142022,848,null
7034,1714964141174,1714964142022,848,null
7035,1714964141175,1714964142022,847,null
7036,1714964141175,1714964142022,847,null
7037,1714964141175,1714964142022,847,null
7038,1714964141175,1714964142022,847,null
7039,1714964141175,1714964142022,847,null
7040,1714964141175,1714964142071,896,null
7041,1714964141175,1714964142022,847,null
7042,1714964141175,1714964142022,847,null
7043,1714964141176,1714964142220,1044,null
7044,1714964141342,1714964142022,680,null
7045,1714964141343,1714964142022,679,null
7046,1714964141344,1714964142220,876,null
7047,1714964141344,1714964142071,727,null
7048,1714964141345,1714964142071,726,null
7049,1714964141345,1714964142071,726,null
7050,1714964141346,1714964142241,895,null
7051,1714964141347,1714964142022,675,null
7052,1714964141347,1714964142022,675,null
7053,1714964141348,1714964142022,674,null
7054,1714964141348,1714964142022,674,null
7055,1714964141349,1714964142022,673,null
7056,1714964141350,1714964142022,672,null
7057,1714964141350,1714964142022,672,null
7058,1714964141351,1714964142022,671,null
7059,1714964141351,1714964142071,720,null
7060,1714964141352,1714964142071,719,null
7061,1714964141352,1714964142022,670,null
7062,1714964141480,1714964142071,591,null
7063,1714964141480,1714964142220,740,null
7064,1714964141480,1714964142071,591,null
7065,1714964141480,1714964142022,542,null
7066,1714964141480,1714964142022,542,null
7067,1714964141480,1714964142022,542,null
7068,1714964141480,1714964142022,542,null
7069,1714964141481,1714964142220,739,null
7070,1714964141481,1714964142220,739,null
7071,1714964141481,1714964142022,541,null
7072,1714964141481,1714964142022,541,null
7073,1714964141481,1714964142071,590,null
7074,1714964141481,1714964142022,541,null
7075,1714964141481,1714964142241,760,null
7076,1714964141481,1714964142071,590,null
7077,1714964141481,1714964142071,590,null
7078,1714964141482,1714964142241,759,null
7079,1714964141482,1714964142022,540,null
7080,1714964141482,1714964142071,589,null
7081,1714964141482,1714964142071,589,null
7082,1714964141482,1714964142220,738,null
7083,1714964141482,1714964142022,540,null
7084,1714964141482,1714964142071,589,null
7085,1714964141482,1714964142022,540,null
7086,1714964141482,1714964142071,589,null
7087,1714964141483,1714964142071,588,null
7088,1714964141483,1714964142241,758,null
7089,1714964141483,1714964142241,758,null
7090,1714964141483,1714964142071,588,null
7091,1714964141483,1714964142071,588,null
7092,1714964141483,1714964142177,694,null
7093,1714964141483,1714964142382,899,null
7094,1714964141483,1714964142071,588,null
7095,1714964141483,1714964142176,693,null
7096,1714964141484,1714964142071,587,null
7097,1714964141484,1714964142071,587,null
7098,1714964141484,1714964142071,587,null
7099,1714964141484,1714964142071,587,null
7100,1714964141484,1714964142199,715,null
7101,1714964141484,1714964142199,715,null
7102,1714964141484,1714964142199,715,null
7103,1714964141484,1714964142199,715,null
7104,1714964141484,1714964142199,715,null
7105,1714964141486,1714964142199,713,null
7106,1714964141486,1714964142022,536,null
7107,1714964141486,1714964142199,713,null
7108,1714964141486,1714964142199,713,null
7109,1714964141486,1714964142071,585,null
7110,1714964141486,1714964142071,585,null
7111,1714964141486,1714964142071,585,null
7112,1714964141487,1714964142071,584,null
7113,1714964141487,1714964142071,584,null
7114,1714964141487,1714964142071,584,null
7115,1714964141487,1714964142199,712,null
7116,1714964141487,1714964142199,712,null
7117,1714964141487,1714964142199,712,null
7118,1714964141487,1714964142199,712,null
7119,1714964141487,1714964142199,712,null
7120,1714964141487,1714964142199,712,null
7121,1714964141488,1714964142199,711,null
7122,1714964141488,1714964142199,711,null
7123,1714964141488,1714964142199,711,null
7124,1714964141488,1714964142220,732,null
7125,1714964141488,1714964142220,732,null
7126,1714964141488,1714964142220,732,null
7127,1714964141488,1714964142220,732,null
7128,1714964141488,1714964142220,732,null
7129,1714964141488,1714964142220,732,null
7130,1714964141488,1714964142220,732,null
7131,1714964141489,1714964142220,731,null
7132,1714964141489,1714964142220,731,null
7133,1714964141489,1714964142220,731,null
7134,1714964141489,1714964142071,582,null
7135,1714964141489,1714964142241,752,null
7136,1714964141489,1714964142071,582,null
7137,1714964141489,1714964142071,582,null
7138,1714964141489,1714964142071,582,null
7139,1714964141489,1714964142071,582,null
7140,1714964141490,1714964142199,709,null
7141,1714964141490,1714964142199,709,null
7142,1714964141490,1714964142199,709,null
7143,1714964141490,1714964142199,709,null
7144,1714964141490,1714964142199,709,null
7145,1714964141507,1714964142199,692,null
7146,1714964141507,1714964142220,713,null
7147,1714964141507,1714964142220,713,null
7148,1714964141507,1714964142220,713,null
7149,1714964141508,1714964142220,712,null
7150,1714964141508,1714964142220,712,null
7151,1714964141509,1714964142220,711,null
7152,1714964141509,1714964142220,711,null
7153,1714964141510,1714964142220,710,null
7154,1714964141510,1714964142220,710,null
7155,1714964141510,1714964142220,710,null
7156,1714964141511,1714964142220,709,null
7157,1714964141511,1714964142190,679,null
7158,1714964141512,1714964142199,687,null
7159,1714964141512,1714964142199,687,null
7160,1714964141512,1714964142199,687,null
7161,1714964141513,1714964142199,686,null
7162,1714964141513,1714964142199,686,null
7163,1714964141513,1714964142199,686,null
7164,1714964141514,1714964142220,706,null
7165,1714964141514,1714964142220,706,null
7166,1714964141514,1714964142220,706,null
7167,1714964141515,1714964142220,705,null
7168,1714964141515,1714964142220,705,null
7169,1714964141515,1714964142220,705,null
7170,1714964141516,1714964142220,704,null
7171,1714964141516,1714964142220,704,null
7172,1714964141517,1714964142220,703,null
7173,1714964141517,1714964142241,724,null
7174,1714964141517,1714964142199,682,null
7175,1714964141518,1714964142071,553,null
7176,1714964141563,1714964142220,657,null
7177,1714964141564,1714964142220,656,null
7178,1714964141565,1714964142220,655,null
7179,1714964141566,1714964142220,654,null
7180,1714964141567,1714964142220,653,null
7181,1714964141567,1714964142220,653,null
7182,1714964141567,1714964142220,653,null
7183,1714964141568,1714964142220,652,null
7184,1714964141568,1714964142220,652,null
7185,1714964141568,1714964142220,652,null
7186,1714964141569,1714964142220,651,null
7187,1714964141569,1714964142220,651,null
7188,1714964141569,1714964142220,651,null
7189,1714964141570,1714964142220,650,null
7190,1714964141570,1714964142220,650,null
7191,1714964141570,1714964142220,650,null
7192,1714964141571,1714964142220,649,null
7193,1714964141571,1714964142071,500,null
7194,1714964141571,1714964142071,500,null
7195,1714964141572,1714964142378,806,null
7196,1714964141572,1714964142381,809,null
7197,1714964141572,1714964142408,836,null
7198,1714964141572,1714964142220,648,null
7199,1714964141573,1714964142220,647,null
7200,1714964141573,1714964142220,647,null
7201,1714964141573,1714964142220,647,null
7202,1714964141574,1714964142071,497,null
7203,1714964141574,1714964142241,667,null
7204,1714964141574,1714964142241,667,null
7205,1714964141575,1714964142241,666,null
7206,1714964141581,1714964142220,639,null
7207,1714964141582,1714964142220,638,null
7208,1714964141582,1714964142022,440,null
7209,1714964141582,1714964142199,617,null
7210,1714964141583,1714964142381,798,null
7211,1714964141775,1714964142241,466,null
7212,1714964141775,1714964142382,607,null
7213,1714964141776,1714964142241,465,null
7214,1714964141776,1714964142182,406,null
7215,1714964141777,1714964142379,602,null
7216,1714964141777,1714964142436,659,null
7217,1714964141777,1714964142373,596,null
7218,1714964141778,1714964142189,411,null
7219,1714964141779,1714964142071,292,null
7220,1714964141779,1714964142139,360,null
7221,1714964142004,1714964142245,241,null
7222,1714964142005,1714964142430,425,null
7223,1714964142006,1714964142381,375,null
7224,1714964142007,1714964142241,234,null
7225,1714964142007,1714964142373,366,null
7226,1714964142008,1714964142391,383,null
7227,1714964142009,1714964142381,372,null
7228,1714964142010,1714964142382,372,null
7229,1714964142010,1714964142436,426,null
7230,1714964142011,1714964142436,425,null
7231,1714964142011,1714964142382,371,null
7232,1714964142012,1714964142436,424,null
7233,1714964142013,1714964142436,423,null
7234,1714964142014,1714964142398,384,null
7235,1714964142014,1714964142436,422,null
7236,1714964142015,1714964142143,128,null
7237,1714964142015,1714964142382,367,null
7238,1714964142016,1714964142383,367,null
7239,1714964142016,1714964142376,360,null
7240,1714964142017,1714964142381,364,null
7241,1714964142017,1714964142381,364,null
7242,1714964142018,1714964142436,418,null
7243,1714964142018,1714964142395,377,null
7244,1714964142019,1714964142382,363,null
7245,1714964142019,1714964142432,413,null
7246,1714964142020,1714964142387,367,null
7247,1714964142020,1714964142391,371,null
7248,1714964142069,1714964142382,313,null
7249,1714964142072,1714964142538,466,null
7250,1714964142072,1714964142538,466,null
7251,1714964142072,1714964142436,364,null
7252,1714964142072,1714964142538,466,null
7253,1714964142346,1714964142538,192,null
7254,1714964142346,1714964142796,450,null
7255,1714964142346,1714964142801,455,null
7256,1714964142346,1714964142785,439,null
7257,1714964142346,1714964142801,455,null
7258,1714964142346,1714964142802,456,null
7259,1714964142346,1714964142789,443,null
7260,1714964142347,1714964142801,454,null
7261,1714964142347,1714964142795,448,null
7262,1714964142347,1714964142801,454,null
7263,1714964142347,1714964142796,449,null
7264,1714964142347,1714964142796,449,null
7265,1714964142347,1714964142796,449,null
7266,1714964142347,1714964142796,449,null
7267,1714964142348,1714964142796,448,null
7268,1714964142348,1714964142796,448,null
7269,1714964142348,1714964142796,448,null
7270,1714964142348,1714964142796,448,null
7271,1714964142348,1714964142796,448,null
7272,1714964142348,1714964142796,448,null
7273,1714964142348,1714964142796,448,null
7274,1714964142348,1714964142796,448,null
7275,1714964142349,1714964142796,447,null
7276,1714964142349,1714964142800,451,null
7277,1714964142349,1714964142800,451,null
7278,1714964142349,1714964142800,451,null
7279,1714964142349,1714964142800,451,null
7280,1714964142349,1714964142800,451,null
7281,1714964142349,1714964142800,451,null
7282,1714964142349,1714964142800,451,null
7283,1714964142350,1714964142800,450,null
7284,1714964142350,1714964142800,450,null
7285,1714964142350,1714964142801,451,null
7286,1714964142350,1714964142801,451,null
7287,1714964142350,1714964142766,416,null
7288,1714964142350,1714964142538,188,null
7289,1714964142350,1714964142538,188,null
7290,1714964142350,1714964142771,421,null
7291,1714964142351,1714964142801,450,null
7292,1714964142351,1714964142801,450,null
7293,1714964142351,1714964142801,450,null
7294,1714964142351,1714964142796,445,null
7295,1714964142351,1714964142800,449,null
7296,1714964142351,1714964142800,449,null
7297,1714964142351,1714964142801,450,null
7298,1714964142351,1714964142773,422,null
7299,1714964142352,1714964142789,437,null
7300,1714964142352,1714964142796,444,null
7301,1714964142352,1714964142764,412,null
7302,1714964142352,1714964142800,448,null
7303,1714964142352,1714964142800,448,null
7304,1714964142352,1714964142800,448,null
7305,1714964142352,1714964142801,449,null
7306,1714964142352,1714964142800,448,null
7307,1714964142352,1714964142768,416,null
7308,1714964142353,1714964142538,185,null
7309,1714964142353,1714964142538,185,null
7310,1714964142353,1714964142802,449,null
7311,1714964142353,1714964142801,448,null
7312,1714964142353,1714964142538,185,null
7313,1714964142353,1714964142538,185,null
7314,1714964142353,1714964142801,448,null
7315,1714964142353,1714964142801,448,null
7316,1714964142353,1714964142802,449,null
7317,1714964142354,1714964142785,431,null
7318,1714964142354,1714964142801,447,null
7319,1714964142354,1714964142800,446,null
7320,1714964142354,1714964142800,446,null
7321,1714964142354,1714964142800,446,null
7322,1714964142354,1714964142801,447,null
7323,1714964142354,1714964142801,447,null
7324,1714964142354,1714964142770,416,null
7325,1714964142355,1714964142538,183,null
7326,1714964142355,1714964142801,446,null
7327,1714964142355,1714964142801,446,null
7328,1714964142355,1714964142796,441,null
7329,1714964142355,1714964142796,441,null
7330,1714964142355,1714964142800,445,null
7331,1714964142355,1714964142800,445,null
7332,1714964142355,1714964142773,418,null
7333,1714964142355,1714964142801,446,null
7334,1714964142356,1714964142801,445,null
7335,1714964142422,1714964142538,116,null
7336,1714964142422,1714964142538,116,null
7337,1714964142422,1714964142801,379,null
7338,1714964142422,1714964142784,362,null
7339,1714964142422,1714964142785,363,null
7340,1714964142422,1714964142801,379,null
7341,1714964142422,1714964142789,367,null
7342,1714964142425,1714964142801,376,null
7343,1714964142425,1714964142796,371,null
7344,1714964142427,1714964142802,375,null
7345,1714964142428,1714964142796,368,null
7346,1714964142432,1714964142796,364,null
7347,1714964142432,1714964142796,364,null
7348,1714964142432,1714964142800,368,null
7349,1714964142432,1714964142800,368,null
7350,1714964142432,1714964142800,368,null
7351,1714964142433,1714964142800,367,null
7352,1714964142433,1714964142800,367,null
7353,1714964142433,1714964142801,368,null
7354,1714964142433,1714964142784,351,null
7355,1714964142433,1714964142942,509,null
7356,1714964142433,1714964142801,368,null
7357,1714964142433,1714964142801,368,null
7358,1714964142434,1714964142784,350,null
7359,1714964142434,1714964142801,367,null
7360,1714964142446,1714964142942,496,null
7361,1714964142446,1714964142942,496,null
7362,1714964142446,1714964143056,610,null
7363,1714964142446,1714964143050,604,null
7364,1714964142447,1714964143046,599,null
7365,1714964142448,1714964142942,494,null
7366,1714964142448,1714964143056,608,null
7367,1714964142449,1714964143056,607,null
7368,1714964142450,1714964143168,718,null
7369,1714964142450,1714964143035,585,null
7370,1714964142451,1714964143037,586,null
7371,1714964142453,1714964143041,588,null
7372,1714964142453,1714964143043,590,null
7373,1714964142453,1714964142801,348,null
7374,1714964142454,1714964143168,714,null
7375,1714964142461,1714964143048,587,null
7376,1714964142461,1714964143050,589,null
7377,1714964142462,1714964142942,480,null
7378,1714964142462,1714964143168,706,null
7379,1714964142462,1714964143039,577,null
7380,1714964142462,1714964143168,706,null
7381,1714964142463,1714964142942,479,null
7382,1714964142463,1714964143056,593,null
7383,1714964142533,1714964143168,635,null
7384,1714964142534,1714964143168,634,null
7385,1714964142534,1714964143168,634,null
7386,1714964142534,1714964143056,522,null
7387,1714964142535,1714964142942,407,null
7388,1714964142535,1714964143056,521,null
7389,1714964142535,1714964143168,633,null
7390,1714964142536,1714964143168,632,null
7391,1714964142536,1714964143168,632,null
7392,1714964142536,1714964143168,632,null
7393,1714964142537,1714964143168,631,null
7394,1714964142537,1714964143084,547,null
7395,1714964142537,1714964142802,265,null
7396,1714964142538,1714964142942,404,null
7397,1714964142701,1714964143056,355,null
7398,1714964142702,1714964143045,343,null
7399,1714964142702,1714964143055,353,null
7400,1714964142703,1714964143056,353,null
7401,1714964142704,1714964143168,464,null
7402,1714964142705,1714964143168,463,null
7403,1714964142705,1714964143052,347,null
7404,1714964142706,1714964143168,462,null
7405,1714964142706,1714964143056,350,null
7406,1714964142707,1714964143056,349,null
7407,1714964142708,1714964143081,373,null
7408,1714964142708,1714964143168,460,null
7409,1714964142709,1714964143168,459,null
7410,1714964142710,1714964143168,458,null
7411,1714964142710,1714964143168,458,null
7412,1714964142711,1714964143168,457,null
7413,1714964142712,1714964143168,456,null
7414,1714964142712,1714964143169,457,null
7415,1714964142713,1714964143168,455,null
7416,1714964142713,1714964143168,455,null
7417,1714964142714,1714964143422,708,null
7418,1714964142715,1714964143168,453,null
7419,1714964142715,1714964143168,453,null
7420,1714964142716,1714964142802,86,null
7421,1714964142717,1714964143056,339,null
7422,1714964142816,1714964143168,352,null
7423,1714964142816,1714964143168,352,null
7424,1714964142816,1714964143168,352,null
7425,1714964142816,1714964143168,352,null
7426,1714964142816,1714964143168,352,null
7427,1714964142817,1714964143169,352,null
7428,1714964142826,1714964143168,342,null
7429,1714964142826,1714964143168,342,null
7430,1714964142826,1714964143422,596,null
7431,1714964142826,1714964143169,343,null
7432,1714964142826,1714964143422,596,null
7433,1714964142827,1714964143422,595,null
7434,1714964142827,1714964143422,595,null
7435,1714964142827,1714964143170,343,null
7436,1714964142827,1714964143294,467,null
7437,1714964142827,1714964143422,595,null
7438,1714964142827,1714964143422,595,null
7439,1714964142827,1714964143422,595,null
7440,1714964142827,1714964143422,595,null
7441,1714964142828,1714964143422,594,null
7442,1714964142828,1714964143422,594,null
7443,1714964142828,1714964143422,594,null
7444,1714964142828,1714964143422,594,null
7445,1714964142828,1714964143422,594,null
7446,1714964142828,1714964143422,594,null
7447,1714964142828,1714964143422,594,null
7448,1714964142828,1714964143422,594,null
7449,1714964142828,1714964143422,594,null
7450,1714964142829,1714964143422,593,null
7451,1714964142829,1714964143077,248,null
7452,1714964142829,1714964143422,593,null
7453,1714964142829,1714964143422,593,null
7454,1714964142829,1714964143169,340,null
7455,1714964142829,1714964143172,343,null
7456,1714964142829,1714964143181,352,null
7457,1714964142829,1714964143169,340,null
7458,1714964142830,1714964143169,339,null
7459,1714964142830,1714964143169,339,null
7460,1714964142830,1714964143169,339,null
7461,1714964142830,1714964143169,339,null
7462,1714964142830,1714964143169,339,null
7463,1714964142830,1714964143169,339,null
7464,1714964142830,1714964143169,339,null
7465,1714964142830,1714964143422,592,null
7466,1714964142830,1714964143422,592,null
7467,1714964142831,1714964143422,591,null
7468,1714964142831,1714964143422,591,null
7469,1714964142831,1714964143422,591,null
7470,1714964142831,1714964143422,591,null
7471,1714964142831,1714964143422,591,null
7472,1714964142831,1714964143422,591,null
7473,1714964142831,1714964143422,591,null
7474,1714964142831,1714964143422,591,null
7475,1714964142831,1714964143422,591,null
7476,1714964142832,1714964143173,341,null
7477,1714964142945,1714964143422,477,null
7478,1714964143022,1714964143422,400,null
7479,1714964143023,1714964143422,399,null
7480,1714964143023,1714964143375,352,null
7481,1714964143024,1714964143422,398,null
7482,1714964143024,1714964143422,398,null
7483,1714964143025,1714964143422,397,null
7484,1714964143025,1714964143422,397,null
7485,1714964143026,1714964143422,396,null
7486,1714964143026,1714964143422,396,null
7487,1714964143026,1714964143422,396,null
7488,1714964143027,1714964143422,395,null
7489,1714964143027,1714964143422,395,null
7490,1714964143028,1714964143422,394,null
7491,1714964143028,1714964143422,394,null
7492,1714964143029,1714964143422,393,null
7493,1714964143029,1714964143422,393,null
7494,1714964143030,1714964143422,392,null
7495,1714964143030,1714964143422,392,null
7496,1714964143030,1714964143422,392,null
7497,1714964143031,1714964143422,391,null
7498,1714964143031,1714964143422,391,null
7499,1714964143032,1714964143422,390,null
7500,1714964143032,1714964143422,390,null
7501,1714964143033,1714964143422,389,null
7502,1714964143033,1714964143422,389,null
7503,1714964143033,1714964143422,389,null
7504,1714964143034,1714964143422,388,null
7505,1714964143034,1714964143422,388,null
7506,1714964143034,1714964143422,388,null
7507,1714964143035,1714964143422,387,null
7508,1714964143035,1714964143422,387,null
7509,1714964143090,1714964143422,332,null
7510,1714964143090,1714964143422,332,null
7511,1714964143150,1714964143422,272,null
7512,1714964143150,1714964143422,272,null
7513,1714964143151,1714964143422,271,null
7514,1714964143152,1714964143422,270,null
7515,1714964143152,1714964143422,270,null
7516,1714964143153,1714964143422,269,null
7517,1714964143153,1714964143422,269,null
7518,1714964143154,1714964143422,268,null
7519,1714964143154,1714964143422,268,null
7520,1714964143154,1714964143422,268,null
7521,1714964143155,1714964143422,267,null
7522,1714964143156,1714964143422,266,null
7523,1714964143156,1714964143422,266,null
7524,1714964143157,1714964143422,265,null
7525,1714964143157,1714964143422,265,null
7526,1714964143158,1714964143422,264,null
7527,1714964143158,1714964143460,302,null
7528,1714964143159,1714964143570,411,null
7529,1714964143160,1714964143501,341,null
7530,1714964143160,1714964143525,365,null
7531,1714964143161,1714964143570,409,null
7532,1714964143161,1714964143563,402,null
7533,1714964143161,1714964143474,313,null
7534,1714964143162,1714964143563,401,null
7535,1714964143162,1714964143482,320,null
7536,1714964143163,1714964143429,266,null
7537,1714964143163,1714964143493,330,null
7538,1714964143164,1714964143570,406,null
7539,1714964143164,1714964143505,341,null
7540,1714964143165,1714964143644,479,null
7541,1714964143166,1714964143563,397,null
7542,1714964143167,1714964143422,255,null
7543,1714964143167,1714964143422,255,null
7544,1714964143168,1714964143570,402,null
7545,1714964143287,1714964143422,135,null
7546,1714964143288,1714964143422,134,null
7547,1714964143288,1714964143422,134,null
7548,1714964143289,1714964143422,133,null
7549,1714964143290,1714964143422,132,null
7550,1714964143291,1714964143462,171,null
7551,1714964143292,1714964143422,130,null
7552,1714964143292,1714964143563,271,null
7553,1714964143384,1714964143565,181,null
7554,1714964143384,1714964143519,135,null
7555,1714964143384,1714964143570,186,null
7556,1714964143384,1714964143644,260,null
7557,1714964143384,1714964143563,179,null
7558,1714964143384,1714964143887,503,null
7559,1714964143384,1714964143644,260,null
7560,1714964143385,1714964143887,502,null
7561,1714964143385,1714964143644,259,null
7562,1714964143385,1714964143887,502,null
7563,1714964143385,1714964143644,259,null
7564,1714964143385,1714964143887,502,null
7565,1714964143385,1714964143887,502,null
7566,1714964143385,1714964143887,502,null
7567,1714964143385,1714964143570,185,null
7568,1714964143385,1714964143887,502,null
7569,1714964143387,1714964143887,500,null
7570,1714964143388,1714964143887,499,null
7571,1714964143388,1714964143644,256,null
7572,1714964143388,1714964143570,182,null
7573,1714964143388,1714964143887,499,null
7574,1714964143388,1714964143765,377,null
7575,1714964143389,1714964144192,803,null
7576,1714964143389,1714964144192,803,null
7577,1714964143389,1714964143887,498,null
7578,1714964143389,1714964143887,498,null
7579,1714964143389,1714964143887,498,null
7580,1714964143389,1714964144192,803,null
7581,1714964143389,1714964143887,498,null
7582,1714964143389,1714964143887,498,null
7583,1714964143389,1714964143940,551,null
7584,1714964143390,1714964143887,497,null
7585,1714964143390,1714964144207,817,null
7586,1714964143390,1714964144126,736,null
7587,1714964143390,1714964144192,802,null
7588,1714964143390,1714964144192,802,null
7589,1714964143390,1714964144082,692,null
7590,1714964143390,1714964143570,180,null
7591,1714964143390,1714964143887,497,null
7592,1714964143390,1714964144192,802,null
7593,1714964143390,1714964144275,885,null
7594,1714964143391,1714964143887,496,null
7595,1714964143391,1714964143887,496,null
7596,1714964143391,1714964143887,496,null
7597,1714964143391,1714964143888,497,null
7598,1714964143391,1714964143888,497,null
7599,1714964143391,1714964143888,497,null
7600,1714964143391,1714964143888,497,null
7601,1714964143391,1714964143888,497,null
7602,1714964143391,1714964143888,497,null
7603,1714964143392,1714964143939,547,null
7604,1714964143392,1714964143887,495,null
7605,1714964143392,1714964143887,495,null
7606,1714964143540,1714964143887,347,null
7607,1714964143541,1714964143887,346,null
7608,1714964143541,1714964143887,346,null
7609,1714964143541,1714964143644,103,null
7610,1714964143541,1714964143767,226,null
7611,1714964143541,1714964143887,346,null
7612,1714964143541,1714964143887,346,null
7613,1714964143541,1714964143887,346,null
7614,1714964143541,1714964143887,346,null
7615,1714964143541,1714964144192,651,null
7616,1714964143542,1714964144192,650,null
7617,1714964143542,1714964144152,610,null
7618,1714964143542,1714964143939,397,null
7619,1714964143542,1714964144192,650,null
7620,1714964143542,1714964144192,650,null
7621,1714964143542,1714964144192,650,null
7622,1714964143542,1714964143939,397,null
7623,1714964143542,1714964143939,397,null
7624,1714964143543,1714964144192,649,null
7625,1714964143543,1714964144192,649,null
7626,1714964143543,1714964144192,649,null
7627,1714964143543,1714964143940,397,null
7628,1714964143543,1714964144152,609,null
7629,1714964143543,1714964143940,397,null
7630,1714964143543,1714964144192,649,null
7631,1714964143543,1714964144192,649,null
7632,1714964143543,1714964143887,344,null
7633,1714964143544,1714964143939,395,null
7634,1714964143553,1714964143939,386,null
7635,1714964143553,1714964143939,386,null
7636,1714964143553,1714964143940,387,null
7637,1714964143554,1714964143940,386,null
7638,1714964143554,1714964143940,386,null
7639,1714964143554,1714964143940,386,null
7640,1714964143555,1714964143887,332,null
7641,1714964143555,1714964143940,385,null
7642,1714964143555,1714964143940,385,null
7643,1714964143556,1714964143940,384,null
7644,1714964143556,1714964144192,636,null
7645,1714964143556,1714964143940,384,null
7646,1714964143557,1714964144192,635,null
7647,1714964143557,1714964143940,383,null
7648,1714964143557,1714964144124,567,null
7649,1714964143558,1714964144192,634,null
7650,1714964143558,1714964144152,594,null
7651,1714964143558,1714964144084,526,null
7652,1714964143559,1714964144192,633,null
7653,1714964143559,1714964143940,381,null
7654,1714964143559,1714964143887,328,null
7655,1714964143580,1714964143644,64,null
7656,1714964143581,1714964144152,571,null
7657,1714964143596,1714964143887,291,null
7658,1714964143597,1714964143887,290,null
7659,1714964143597,1714964143939,342,null
7660,1714964143597,1714964143940,343,null
7661,1714964143597,1714964143887,290,null
7662,1714964143598,1714964143887,289,null
7663,1714964143598,1714964143887,289,null
7664,1714964143598,1714964143888,290,null
7665,1714964143599,1714964143888,289,null
7666,1714964143599,1714964143939,340,null
7667,1714964143599,1714964143939,340,null
7668,1714964143599,1714964143939,340,null
7669,1714964143599,1714964143940,341,null
7670,1714964143599,1714964144192,593,null
7671,1714964143600,1714964144078,478,null
7672,1714964143600,1714964144131,531,null
7673,1714964143600,1714964144152,552,null
7674,1714964143600,1714964144192,592,null
7675,1714964143600,1714964144192,592,null
7676,1714964143600,1714964144119,519,null
7677,1714964143603,1714964144192,589,null
7678,1714964143604,1714964143940,336,null
7679,1714964143604,1714964143940,336,null
7680,1714964143605,1714964143940,335,null
7681,1714964143605,1714964143940,335,null
7682,1714964143606,1714964144192,586,null
7683,1714964143606,1714964143940,334,null
7684,1714964143607,1714964143887,280,null
7685,1714964143607,1714964143887,280,null
7686,1714964143646,1714964144192,546,null
7687,1714964143646,1714964143887,241,null
7688,1714964143646,1714964143887,241,null
7689,1714964143646,1714964143887,241,null
7690,1714964143646,1714964143888,242,null
7691,1714964143646,1714964143888,242,null
7692,1714964143647,1714964143939,292,null
7693,1714964143647,1714964143939,292,null
7694,1714964143647,1714964143940,293,null
7695,1714964143647,1714964143940,293,null
7696,1714964143647,1714964144192,545,null
7697,1714964143647,1714964143940,293,null
7698,1714964143647,1714964143939,292,null
7699,1714964143647,1714964144130,483,null
7700,1714964143647,1714964144080,433,null
7701,1714964143648,1714964143939,291,null
7702,1714964143648,1714964144089,441,null
7703,1714964143648,1714964144192,544,null
7704,1714964143649,1714964143940,291,null
7705,1714964143649,1714964143940,291,null
7706,1714964143649,1714964143939,290,null
7707,1714964143650,1714964143887,237,null
7708,1714964143650,1714964143888,238,null
7709,1714964143650,1714964144152,502,null
7710,1714964143754,1714964144192,438,null
7711,1714964143755,1714964144192,437,null
7712,1714964143756,1714964144192,436,null
7713,1714964143756,1714964144192,436,null
7714,1714964143757,1714964144192,435,null
7715,1714964143758,1714964144192,434,null
7716,1714964143759,1714964144192,433,null
7717,1714964143760,1714964144192,432,null
7718,1714964143760,1714964144192,432,null
7719,1714964143761,1714964144152,391,null
7720,1714964143762,1714964144192,430,null
7721,1714964143762,1714964144192,430,null
7722,1714964143763,1714964144192,429,null
7723,1714964143764,1714964144192,428,null
7724,1714964143765,1714964144192,427,null
7725,1714964143766,1714964144192,426,null
7726,1714964143766,1714964144192,426,null
7727,1714964143767,1714964144192,425,null
7728,1714964143768,1714964144192,424,null
7729,1714964143868,1714964144192,324,null
7730,1714964143868,1714964144192,324,null
7731,1714964143868,1714964144123,255,null
7732,1714964143869,1714964144192,323,null
7733,1714964143869,1714964144192,323,null
7734,1714964143869,1714964144192,323,null
7735,1714964143869,1714964144192,323,null
7736,1714964143869,1714964144192,323,null
7737,1714964143869,1714964144192,323,null
7738,1714964143869,1714964144192,323,null
7739,1714964143869,1714964144192,323,null
7740,1714964143870,1714964144192,322,null
7741,1714964143870,1714964144152,282,null
7742,1714964143870,1714964144192,322,null
7743,1714964143870,1714964144192,322,null
7744,1714964143870,1714964144128,258,null
7745,1714964143870,1714964144192,322,null
7746,1714964143870,1714964144152,282,null
7747,1714964143870,1714964144192,322,null
7748,1714964143871,1714964144192,321,null
7749,1714964143871,1714964144192,321,null
7750,1714964143871,1714964144192,321,null
7751,1714964143871,1714964144192,321,null
7752,1714964143871,1714964144192,321,null
7753,1714964143871,1714964144192,321,null
7754,1714964143871,1714964144192,321,null
7755,1714964143871,1714964144152,281,null
7756,1714964143872,1714964144192,320,null
7757,1714964143877,1714964144192,315,null
7758,1714964143878,1714964144192,314,null
7759,1714964143878,1714964144192,314,null
7760,1714964143878,1714964144192,314,null
7761,1714964143878,1714964144121,243,null
7762,1714964143878,1714964144192,314,null
7763,1714964143878,1714964144192,314,null
7764,1714964143878,1714964144192,314,null
7765,1714964143878,1714964144651,773,null
7766,1714964143879,1714964144283,404,null
7767,1714964143879,1714964144619,740,null
7768,1714964143879,1714964144947,1068,null
7769,1714964143879,1714964144192,313,null
7770,1714964143879,1714964144947,1068,null
7771,1714964143879,1714964144619,740,null
7772,1714964143879,1714964144948,1069,null
7773,1714964143879,1714964144941,1062,null
7774,1714964143880,1714964144947,1067,null
7775,1714964143880,1714964144947,1067,null
7776,1714964143880,1714964144947,1067,null
7777,1714964143880,1714964144947,1067,null
7778,1714964143880,1714964144947,1067,null
7779,1714964143880,1714964144947,1067,null
7780,1714964143880,1714964144947,1067,null
7781,1714964143880,1714964144947,1067,null
7782,1714964143880,1714964144947,1067,null
7783,1714964143881,1714964144947,1066,null
7784,1714964143881,1714964144948,1067,null
7785,1714964143881,1714964144619,738,null
7786,1714964143881,1714964144947,1066,null
7787,1714964143881,1714964144192,311,null
7788,1714964143881,1714964144947,1066,null
7789,1714964143881,1714964144947,1066,null
7790,1714964143881,1714964144947,1066,null
7791,1714964143882,1714964144947,1065,null
7792,1714964143882,1714964144947,1065,null
7793,1714964143882,1714964144947,1065,null
7794,1714964143882,1714964144948,1066,null
7795,1714964143882,1714964144948,1066,null
7796,1714964143882,1714964144948,1066,null
7797,1714964143882,1714964144619,737,null
7798,1714964143882,1714964144818,936,null
7799,1714964143883,1714964144948,1065,null
7800,1714964143883,1714964144948,1065,null
7801,1714964143883,1714964144948,1065,null
7802,1714964143883,1714964144948,1065,null
7803,1714964143883,1714964144948,1065,null
7804,1714964143883,1714964144651,768,null
7805,1714964143883,1714964144192,309,null
7806,1714964143883,1714964144948,1065,null
7807,1714964143884,1714964144258,374,null
7808,1714964144143,1714964144212,69,null
7809,1714964144143,1714964144939,796,null
7810,1714964144143,1714964144619,476,null
7811,1714964144143,1714964144223,80,null
7812,1714964144143,1714964144947,804,null
7813,1714964144143,1714964144619,476,null
7814,1714964144143,1714964144906,763,null
7815,1714964144144,1714964144945,801,null
7816,1714964144145,1714964144947,802,null
7817,1714964144145,1714964144947,802,null
7818,1714964144145,1714964144947,802,null
7819,1714964144146,1714964144537,391,null
7820,1714964144146,1714964144947,801,null
7821,1714964144146,1714964144540,394,null
7822,1714964144146,1714964144544,398,null
7823,1714964144146,1714964144948,802,null
7824,1714964144146,1714964144948,802,null
7825,1714964144146,1714964144619,473,null
7826,1714964144146,1714964144619,473,null
7827,1714964144147,1714964144619,472,null
7828,1714964144147,1714964144947,800,null
7829,1714964144147,1714964144542,395,null
7830,1714964144147,1714964144948,801,null
7831,1714964144147,1714964144619,472,null
7832,1714964144147,1714964144938,791,null
7833,1714964144147,1714964144619,472,null
7834,1714964144147,1714964144619,472,null
7835,1714964144147,1714964144947,800,null
7836,1714964144148,1714964144619,471,null
7837,1714964144148,1714964144947,799,null
7838,1714964144148,1714964144947,799,null
7839,1714964144148,1714964144948,800,null
7840,1714964144148,1714964144619,471,null
7841,1714964144148,1714964144948,800,null
7842,1714964144148,1714964144619,471,null
7843,1714964144148,1714964144943,795,null
7844,1714964144149,1714964144619,470,null
7845,1714964144149,1714964144947,798,null
7846,1714964144149,1714964144619,470,null
7847,1714964144149,1714964144619,470,null
7848,1714964144149,1714964144945,796,null
7849,1714964144149,1714964144947,798,null
7850,1714964144149,1714964144947,798,null
7851,1714964144149,1714964144947,798,null
7852,1714964144149,1714964144947,798,null
7853,1714964144150,1714964144947,797,null
7854,1714964144150,1714964144947,797,null
7855,1714964144150,1714964144619,469,null
7856,1714964144150,1714964144947,797,null
7857,1714964144150,1714964144947,797,null
7858,1714964144150,1714964144947,797,null
7859,1714964144150,1714964144947,797,null
7860,1714964144150,1714964144947,797,null
7861,1714964144150,1714964144947,797,null
7862,1714964144150,1714964144947,797,null
7863,1714964144151,1714964144947,796,null
7864,1714964144151,1714964144948,797,null
7865,1714964144151,1714964144948,797,null
7866,1714964144151,1714964144947,796,null
7867,1714964144151,1714964144947,796,null
7868,1714964144151,1714964144947,796,null
7869,1714964144151,1714964144947,796,null
7870,1714964144151,1714964144947,796,null
7871,1714964144151,1714964144947,796,null
7872,1714964144152,1714964144947,795,null
7873,1714964144152,1714964144674,522,null
7874,1714964144152,1714964144948,796,null
7875,1714964144152,1714964144948,796,null
7876,1714964144152,1714964144947,795,null
7877,1714964144152,1714964144948,796,null
7878,1714964144152,1714964144947,795,null
7879,1714964144152,1714964144948,796,null
7880,1714964144152,1714964144947,795,null
7881,1714964144153,1714964144947,794,null
7882,1714964144153,1714964144947,794,null
7883,1714964144153,1714964144947,794,null
7884,1714964144153,1714964144947,794,null
7885,1714964144153,1714964144947,794,null
7886,1714964144153,1714964144947,794,null
7887,1714964144153,1714964144947,794,null
7888,1714964144153,1714964144947,794,null
7889,1714964144153,1714964144947,794,null
7890,1714964144153,1714964144947,794,null
7891,1714964144154,1714964144948,794,null
7892,1714964144154,1714964144948,794,null
7893,1714964144154,1714964144619,465,null
7894,1714964144154,1714964144619,465,null
7895,1714964144154,1714964144619,465,null
7896,1714964144154,1714964144619,465,null
7897,1714964144154,1714964144902,748,null
7898,1714964144154,1714964144619,465,null
7899,1714964144154,1714964144619,465,null
7900,1714964144154,1714964144619,465,null
7901,1714964144155,1714964144936,781,null
7902,1714964144155,1714964144947,792,null
7903,1714964144155,1714964144947,792,null
7904,1714964144155,1714964144947,792,null
7905,1714964144155,1714964144947,792,null
7906,1714964144155,1714964144947,792,null
7907,1714964144155,1714964144947,792,null
7908,1714964144155,1714964144947,792,null
7909,1714964144155,1714964144947,792,null
7910,1714964144156,1714964144947,791,null
7911,1714964144156,1714964144947,791,null
7912,1714964144156,1714964144947,791,null
7913,1714964144156,1714964144947,791,null
7914,1714964144156,1714964144947,791,null
7915,1714964144156,1714964144947,791,null
7916,1714964144156,1714964144948,792,null
7917,1714964144156,1714964144948,792,null
7918,1714964144156,1714964144948,792,null
7919,1714964144156,1714964144619,463,null
7920,1714964144157,1714964144898,741,null
7921,1714964144157,1714964144666,509,null
7922,1714964144157,1714964144948,791,null
7923,1714964144157,1714964144948,791,null
7924,1714964144157,1714964144948,791,null
7925,1714964144157,1714964144948,791,null
7926,1714964144157,1714964144651,494,null
7927,1714964144157,1714964144663,506,null
7928,1714964144157,1714964144948,791,null
7929,1714964144157,1714964144804,647,null
7930,1714964144158,1714964144948,790,null
7931,1714964144158,1714964144806,648,null
7932,1714964144158,1714964144948,790,null
7933,1714964144158,1714964144947,789,null
7934,1714964144158,1714964144948,790,null
7935,1714964144177,1714964144948,771,null
7936,1714964144179,1714964144948,769,null
7937,1714964144179,1714964144948,769,null
7938,1714964144179,1714964144948,769,null
7939,1714964144192,1714964144948,756,null
7940,1714964144192,1714964144948,756,null
7941,1714964144193,1714964144948,755,null
7942,1714964144193,1714964144948,755,null
7943,1714964144193,1714964144948,755,null
7944,1714964144193,1714964144948,755,null
7945,1714964144193,1714964144948,755,null
7946,1714964144193,1714964144948,755,null
7947,1714964144193,1714964144948,755,null
7948,1714964144193,1714964144948,755,null
7949,1714964144193,1714964144948,755,null
7950,1714964144194,1714964144948,754,null
7951,1714964144194,1714964144948,754,null
7952,1714964144194,1714964144948,754,null
7953,1714964144194,1714964144948,754,null
7954,1714964144194,1714964144948,754,null
7955,1714964144194,1714964144948,754,null
7956,1714964144194,1714964144948,754,null
7957,1714964144194,1714964144948,754,null
7958,1714964144195,1714964144948,753,null
7959,1714964144195,1714964144948,753,null
7960,1714964144195,1714964144948,753,null
7961,1714964144195,1714964144948,753,null
7962,1714964144195,1714964144948,753,null
7963,1714964144195,1714964144948,753,null
7964,1714964144195,1714964144948,753,null
7965,1714964144195,1714964144948,753,null
7966,1714964144195,1714964144947,752,null
7967,1714964144196,1714964144619,423,null
7968,1714964144196,1714964144948,752,null
7969,1714964144238,1714964144948,710,null
7970,1714964144239,1714964144948,709,null
7971,1714964144239,1714964144948,709,null
7972,1714964144239,1714964144948,709,null
7973,1714964144239,1714964144948,709,null
7974,1714964144239,1714964144947,708,null
7975,1714964144239,1714964145071,832,null
7976,1714964144239,1714964145109,870,null
7977,1714964144240,1714964145121,881,null
7978,1714964144240,1714964145078,838,null
7979,1714964144244,1714964145195,951,null
7980,1714964144244,1714964145184,940,null
7981,1714964144245,1714964145184,939,null
7982,1714964144245,1714964145184,939,null
7983,1714964144245,1714964144948,703,null
7984,1714964144245,1714964144948,703,null
7985,1714964144245,1714964144948,703,null
7986,1714964144245,1714964144948,703,null
7987,1714964144248,1714964144948,700,null
7988,1714964144248,1714964144948,700,null
7989,1714964144248,1714964144948,700,null
7990,1714964144248,1714964144948,700,null
7991,1714964144248,1714964144948,700,null
7992,1714964144248,1714964144948,700,null
7993,1714964144249,1714964144948,699,null
7994,1714964144249,1714964144947,698,null
7995,1714964144600,1714964144948,348,null
7996,1714964144601,1714964144948,347,null
7997,1714964144601,1714964144948,347,null
7998,1714964144602,1714964144948,346,null
7999,1714964144603,1714964144948,345,null
8000,1714964144603,1714964144948,345,null
8001,1714964144604,1714964144811,207,null
8002,1714964144604,1714964144948,344,null
8003,1714964144605,1714964144948,343,null
8004,1714964144605,1714964144948,343,null
8005,1714964144606,1714964144948,342,null
8006,1714964144607,1714964144948,341,null
8007,1714964144607,1714964144948,341,null
8008,1714964144608,1714964144669,61,null
8009,1714964144608,1714964144948,340,null
8010,1714964144608,1714964144948,340,null
8011,1714964144650,1714964144948,298,null
8012,1714964144651,1714964144948,297,null
8013,1714964144655,1714964144948,293,null
8014,1714964144655,1714964144948,293,null
8015,1714964144656,1714964144948,292,null
8016,1714964144656,1714964144948,292,null
8017,1714964144656,1714964144948,292,null
8018,1714964144657,1714964144948,291,null
8019,1714964144658,1714964144948,290,null
8020,1714964144658,1714964144948,290,null
8021,1714964144659,1714964144948,289,null
8022,1714964144659,1714964144948,289,null
8023,1714964144659,1714964144948,289,null
8024,1714964144660,1714964144948,288,null
8025,1714964144660,1714964144948,288,null
8026,1714964144661,1714964144948,287,null
8027,1714964144661,1714964144948,287,null
8028,1714964144662,1714964144948,286,null
8029,1714964144662,1714964144948,286,null
8030,1714964144662,1714964144948,286,null
8031,1714964144665,1714964144948,283,null
8032,1714964144665,1714964144948,283,null
8033,1714964144665,1714964144948,283,null
8034,1714964144666,1714964144948,282,null
8035,1714964144666,1714964144948,282,null
8036,1714964144678,1714964144948,270,null
8037,1714964144678,1714964144948,270,null
8038,1714964144678,1714964144948,270,null
8039,1714964144679,1714964144948,269,null
8040,1714964144679,1714964144948,269,null
8041,1714964144806,1714964144948,142,null
8042,1714964144806,1714964144948,142,null
8043,1714964144807,1714964144948,141,null
8044,1714964144807,1714964144948,141,null
8045,1714964144808,1714964144948,140,null
8046,1714964144808,1714964144948,140,null
8047,1714964144809,1714964145184,375,null
8048,1714964144811,1714964145081,270,null
8049,1714964144812,1714964145083,271,null
8050,1714964144812,1714964145080,268,null
8051,1714964144812,1714964145084,272,null
8052,1714964144813,1714964145178,365,null
8053,1714964144813,1714964145128,315,null
8054,1714964144814,1714964145113,299,null
8055,1714964144814,1714964145022,208,null
8056,1714964144815,1714964145185,370,null
8057,1714964144815,1714964145184,369,null
8058,1714964144816,1714964144948,132,null
8059,1714964144816,1714964144948,132,null
8060,1714964144885,1714964144981,96,null
8061,1714964144886,1714964145184,298,null
8062,1714964144886,1714964145014,128,null
8063,1714964144887,1714964145184,297,null
8064,1714964144887,1714964145176,289,null
8065,1714964144888,1714964145184,296,null
8066,1714964144889,1714964145184,295,null
8067,1714964144889,1714964145184,295,null
8068,1714964144890,1714964145184,294,null
8069,1714964144890,1714964145276,386,null
8070,1714964144891,1714964145279,388,null
8071,1714964144891,1714964145729,838,null
8072,1714964144892,1714964145729,837,null
8073,1714964144892,1714964145730,838,null
8074,1714964144893,1714964145276,383,null
8075,1714964144893,1714964145728,835,null
8076,1714964144894,1714964145729,835,null
8077,1714964144894,1714964145729,835,null
8078,1714964144895,1714964145729,834,null
8079,1714964144895,1714964145729,834,null
8080,1714964144896,1714964145730,834,null
8081,1714964144896,1714964145729,833,null
8082,1714964144897,1714964145535,638,null
8083,1714964144897,1714964145730,833,null
8084,1714964144898,1714964145730,832,null
8085,1714964144899,1714964145730,831,null
8086,1714964144899,1714964145730,831,null
8087,1714964144900,1714964145730,830,null
8088,1714964144902,1714964145120,218,null
8089,1714964144904,1714964145157,253,null
8090,1714964144947,1714964145729,782,null
8091,1714964145060,1714964145729,669,null
8092,1714964145061,1714964145729,668,null
8093,1714964145061,1714964145276,215,null
8094,1714964145061,1714964145730,669,null
8095,1714964145062,1714964145730,668,null
8096,1714964145062,1714964145729,667,null
8097,1714964145062,1714964145729,667,null
8098,1714964145063,1714964145729,666,null
8099,1714964145063,1714964145729,666,null
8100,1714964145063,1714964145730,667,null
8101,1714964145064,1714964145539,475,null
8102,1714964145064,1714964145730,666,null
8103,1714964145064,1714964145729,665,null
8104,1714964145065,1714964145730,665,null
8105,1714964145065,1714964145276,211,null
8106,1714964145066,1714964145729,663,null
8107,1714964145066,1714964145276,210,null
8108,1714964145066,1714964145729,663,null
8109,1714964145067,1714964145478,411,null
8110,1714964145067,1714964145730,663,null
8111,1714964145067,1714964145729,662,null
8112,1714964145068,1714964145729,661,null
8113,1714964145068,1714964145729,661,null
8114,1714964145068,1714964145730,662,null
8115,1714964145069,1714964145730,661,null
8116,1714964145069,1714964145730,661,null
8117,1714964145069,1714964145730,661,null
8118,1714964145070,1714964145729,659,null
8119,1714964145070,1714964145730,660,null
8120,1714964145070,1714964145730,660,null
8121,1714964145071,1714964145729,658,null
8122,1714964145071,1714964145729,658,null
8123,1714964145073,1714964145730,657,null
8124,1714964145073,1714964145731,658,null
8125,1714964145149,1714964145730,581,null
8126,1714964145149,1714964145730,581,null
8127,1714964145149,1714964145731,582,null
8128,1714964145150,1714964145731,581,null
8129,1714964145152,1714964145731,579,null
8130,1714964145152,1714964145731,579,null
8131,1714964145153,1714964145731,578,null
8132,1714964145176,1714964145731,555,null
8133,1714964145176,1714964145731,555,null
8134,1714964145176,1714964145731,555,null
8135,1714964145177,1714964145731,554,null
8136,1714964145177,1714964145731,554,null
8137,1714964145177,1714964145731,554,null
8138,1714964145177,1714964145964,787,null
8139,1714964145177,1714964145964,787,null
8140,1714964145180,1714964145964,784,null
8141,1714964145180,1714964145904,724,null
8142,1714964145180,1714964145964,784,null
8143,1714964145180,1714964145731,551,null
8144,1714964145180,1714964145904,724,null
8145,1714964145180,1714964145843,663,null
8146,1714964145180,1714964145964,784,null
8147,1714964145180,1714964145904,724,null
8148,1714964145181,1714964145964,783,null
8149,1714964145181,1714964145964,783,null
8150,1714964145181,1714964145964,783,null
8151,1714964145181,1714964145964,783,null
8152,1714964145181,1714964145964,783,null
8153,1714964145181,1714964145904,723,null
8154,1714964145181,1714964145964,783,null
8155,1714964145181,1714964145964,783,null
8156,1714964145181,1714964145964,783,null
8157,1714964145182,1714964145964,782,null
8158,1714964145182,1714964145964,782,null
8159,1714964145182,1714964145904,722,null
8160,1714964145182,1714964145964,782,null
8161,1714964145182,1714964145964,782,null
8162,1714964145182,1714964145964,782,null
8163,1714964145182,1714964145964,782,null
8164,1714964145182,1714964145964,782,null
8165,1714964145183,1714964145731,548,null
8166,1714964145183,1714964145964,781,null
8167,1714964145183,1714964145904,721,null
8168,1714964145183,1714964145904,721,null
8169,1714964145183,1714964145964,781,null
8170,1714964145183,1714964145904,721,null
8171,1714964145183,1714964145904,721,null
8172,1714964145183,1714964145904,721,null
8173,1714964145184,1714964145904,720,null
8174,1714964145196,1714964145904,708,null
8175,1714964145199,1714964145904,705,null
8176,1714964145199,1714964145904,705,null
8177,1714964145200,1714964145904,704,null
8178,1714964145200,1714964145904,704,null
8179,1714964145200,1714964145904,704,null
8180,1714964145208,1714964145904,696,null
8181,1714964145208,1714964145904,696,null
8182,1714964145209,1714964145904,695,null
8183,1714964145209,1714964145904,695,null
8184,1714964145209,1714964145904,695,null
8185,1714964145210,1714964145904,694,null
8186,1714964145210,1714964145904,694,null
8187,1714964145210,1714964145904,694,null
8188,1714964145211,1714964145903,692,null
8189,1714964145211,1714964145730,519,null
8190,1714964145211,1714964145731,520,null
8191,1714964145211,1714964145730,519,null
8192,1714964145308,1714964145730,422,null
8193,1714964145308,1714964145731,423,null
8194,1714964145308,1714964145731,423,null
8195,1714964145309,1714964145731,422,null
8196,1714964145309,1714964145731,422,null
8197,1714964145309,1714964145964,655,null
8198,1714964145310,1714964145731,421,null
8199,1714964145310,1714964145731,421,null
8200,1714964145310,1714964145731,421,null
8201,1714964145310,1714964145904,594,null
8202,1714964145311,1714964145964,653,null
8203,1714964145311,1714964145964,653,null
8204,1714964145311,1714964145964,653,null
8205,1714964145311,1714964145730,419,null
8206,1714964145405,1714964145731,326,null
8207,1714964145496,1714964145731,235,null
8208,1714964145497,1714964145731,234,null
8209,1714964145497,1714964145964,467,null
8210,1714964145497,1714964145964,467,null
8211,1714964145498,1714964145903,405,null
8212,1714964145498,1714964145904,406,null
8213,1714964145499,1714964145904,405,null
8214,1714964145500,1714964145904,404,null
8215,1714964145500,1714964145964,464,null
8216,1714964145501,1714964145904,403,null
8217,1714964145501,1714964145964,463,null
8218,1714964145502,1714964145964,462,null
8219,1714964145502,1714964145731,229,null
8220,1714964145540,1714964145904,364,null
8221,1714964145540,1714964145904,364,null
8222,1714964145540,1714964145964,424,null
8223,1714964145540,1714964145999,459,null
8224,1714964145541,1714964145964,423,null
8225,1714964145541,1714964145904,363,null
8226,1714964145541,1714964145964,423,null
8227,1714964145541,1714964145964,423,null
8228,1714964145541,1714964145964,423,null
8229,1714964145541,1714964145964,423,null
8230,1714964145541,1714964145904,363,null
8231,1714964145541,1714964145964,423,null
8232,1714964145541,1714964145964,423,null
8233,1714964145542,1714964145964,422,null
8234,1714964145542,1714964145964,422,null
8235,1714964145542,1714964145904,362,null
8236,1714964145542,1714964145964,422,null
8237,1714964145542,1714964145964,422,null
8238,1714964145542,1714964145964,422,null
8239,1714964145542,1714964145964,422,null
8240,1714964145542,1714964145964,422,null
8241,1714964145542,1714964145904,362,null
8242,1714964145543,1714964145964,421,null
8243,1714964145543,1714964145904,361,null
8244,1714964145543,1714964145903,360,null
8245,1714964145543,1714964145904,361,null
8246,1714964145543,1714964145904,361,null
8247,1714964145543,1714964145904,361,null
8248,1714964145543,1714964145904,361,null
8249,1714964145543,1714964145964,421,null
8250,1714964145552,1714964145904,352,null
8251,1714964145707,1714964145925,218,null
8252,1714964145708,1714964146584,876,null
8253,1714964145708,1714964146583,875,null
8254,1714964145709,1714964146584,875,null
8255,1714964145709,1714964146586,877,null
8256,1714964145710,1714964146586,876,null
8257,1714964145710,1714964146702,992,null
8258,1714964145711,1714964146584,873,null
8259,1714964145711,1714964146708,997,null
8260,1714964145712,1714964146584,872,null
8261,1714964145712,1714964146584,872,null
8262,1714964145713,1714964145904,191,null
8263,1714964145853,1714964145904,51,null
8264,1714964145855,1714964146584,729,null
8265,1714964145856,1714964145951,95,null
8266,1714964145856,1714964145966,110,null
8267,1714964145857,1714964145967,110,null
8268,1714964145857,1714964145980,123,null
8269,1714964145859,1714964145995,136,null
8270,1714964145860,1714964145989,129,null
8271,1714964145860,1714964146584,724,null
8272,1714964145861,1714964146583,722,null
8273,1714964145861,1714964145905,44,null
8274,1714964145862,1714964145971,109,null
8275,1714964145863,1714964146584,721,null
8276,1714964145863,1714964146584,721,null
8277,1714964145864,1714964146584,720,null
8278,1714964145864,1714964146584,720,null
8279,1714964145865,1714964146584,719,null
8280,1714964145865,1714964146584,719,null
8281,1714964145905,1714964146586,681,null
8282,1714964145905,1714964146584,679,null
8283,1714964145905,1714964146586,681,null
8284,1714964145905,1714964146586,681,null
8285,1714964145905,1714964146584,679,null
8286,1714964145906,1714964146585,679,null
8287,1714964145906,1714964146584,678,null
8288,1714964145906,1714964146584,678,null
8289,1714964145906,1714964146584,678,null
8290,1714964145906,1714964146584,678,null
8291,1714964145906,1714964146584,678,null
8292,1714964145906,1714964146584,678,null
8293,1714964145906,1714964146583,677,null
8294,1714964145906,1714964146583,677,null
8295,1714964145907,1714964146583,676,null
8296,1714964145907,1714964146586,679,null
8297,1714964145907,1714964146585,678,null
8298,1714964145907,1714964146708,801,null
8299,1714964145907,1714964146584,677,null
8300,1714964145907,1714964146584,677,null
8301,1714964145907,1714964146584,677,null
8302,1714964145907,1714964146583,676,null
8303,1714964145907,1714964146584,677,null
8304,1714964145908,1714964146708,800,null
8305,1714964145908,1714964146584,676,null
8306,1714964145908,1714964146586,678,null
8307,1714964145908,1714964146702,794,null
8308,1714964145908,1714964146702,794,null
8309,1714964145908,1714964146586,678,null
8310,1714964145908,1714964146583,675,null
8311,1714964145908,1714964146584,676,null
8312,1714964145909,1714964146584,675,null
8313,1714964145909,1714964146702,793,null
8314,1714964145909,1714964147079,1170,null
8315,1714964145909,1714964146803,894,null
8316,1714964145909,1714964146586,677,null
8317,1714964145909,1714964146583,674,null
8318,1714964145909,1714964146584,675,null
8319,1714964145909,1714964146584,675,null
8320,1714964145909,1714964146583,674,null
8321,1714964145910,1714964146583,673,null
8322,1714964145910,1714964146586,676,null
8323,1714964145910,1714964146702,792,null
8324,1714964145910,1714964146584,674,null
8325,1714964145910,1714964146583,673,null
8326,1714964145910,1714964146583,673,null
8327,1714964145910,1714964146584,674,null
8328,1714964145910,1714964146584,674,null
8329,1714964145910,1714964147045,1135,null
8330,1714964145911,1714964146586,675,null
8331,1714964145911,1714964146586,675,null
8332,1714964145911,1714964146585,674,null
8333,1714964145911,1714964146586,675,null
8334,1714964145911,1714964146586,675,null
8335,1714964145911,1714964146584,673,null
8336,1714964145911,1714964146586,675,null
8337,1714964145911,1714964146586,675,null
8338,1714964145912,1714964146586,674,null
8339,1714964145912,1714964146702,790,null
8340,1714964145912,1714964146586,674,null
8341,1714964145912,1714964146586,674,null
8342,1714964145912,1714964146702,790,null
8343,1714964145912,1714964146586,674,null
8344,1714964145912,1714964146702,790,null
8345,1714964145913,1714964146708,795,null
8346,1714964145913,1714964146708,795,null
8347,1714964145913,1714964146708,795,null
8348,1714964145913,1714964146702,789,null
8349,1714964145913,1714964146708,795,null
8350,1714964145913,1714964146584,671,null
8351,1714964145913,1714964146584,671,null
8352,1714964145914,1714964146584,670,null
8353,1714964145914,1714964146584,670,null
8354,1714964145914,1714964146585,671,null
8355,1714964145914,1714964146586,672,null
8356,1714964145914,1714964146586,672,null
8357,1714964145914,1714964146586,672,null
8358,1714964145914,1714964146586,672,null
8359,1714964145914,1714964146583,669,null
8360,1714964145915,1714964146586,671,null
8361,1714964145915,1714964146586,671,null
8362,1714964145915,1714964146586,671,null
8363,1714964145915,1714964146586,671,null
8364,1714964145915,1714964146586,671,null
8365,1714964145915,1714964146586,671,null
8366,1714964145915,1714964146584,669,null
8367,1714964145916,1714964147165,1249,null
8368,1714964145916,1714964146584,668,null
8369,1714964145916,1714964146585,669,null
8370,1714964145916,1714964146586,670,null
8371,1714964145916,1714964146586,670,null
8372,1714964145916,1714964146586,670,null
8373,1714964145916,1714964146586,670,null
8374,1714964145916,1714964146586,670,null
8375,1714964145917,1714964146586,669,null
8376,1714964145917,1714964146586,669,null
8377,1714964145917,1714964146586,669,null
8378,1714964145917,1714964146586,669,null
8379,1714964145917,1714964146586,669,null
8380,1714964145917,1714964146702,785,null
8381,1714964145917,1714964146702,785,null
8382,1714964145918,1714964146702,784,null
8383,1714964145918,1714964146702,784,null
8384,1714964145918,1714964146702,784,null
8385,1714964145918,1714964146702,784,null
8386,1714964145918,1714964146708,790,null
8387,1714964145918,1714964146702,784,null
8388,1714964145918,1714964146702,784,null
8389,1714964145918,1714964146702,784,null
8390,1714964145919,1714964146702,783,null
8391,1714964145919,1714964147045,1126,null
8392,1714964145919,1714964147164,1245,null
8393,1714964145919,1714964146586,667,null
8394,1714964145919,1714964146708,789,null
8395,1714964145919,1714964147164,1245,null
8396,1714964145919,1714964146708,789,null
8397,1714964145919,1714964146708,789,null
8398,1714964145920,1714964147019,1099,null
8399,1714964145920,1714964147097,1177,null
8400,1714964145920,1714964146773,853,null
8401,1714964145920,1714964146804,884,null
8402,1714964145920,1714964146804,884,null
8403,1714964145920,1714964146803,883,null
8404,1714964145921,1714964147019,1098,null
8405,1714964145921,1714964147019,1098,null
8406,1714964145921,1714964146931,1010,null
8407,1714964145921,1714964147019,1098,null
8408,1714964145921,1714964146878,957,null
8409,1714964145921,1714964146952,1031,null
8410,1714964145921,1714964146952,1031,null
8411,1714964145922,1714964146584,662,null
8412,1714964145922,1714964147019,1097,null
8413,1714964145922,1714964147019,1097,null
8414,1714964145922,1714964147019,1097,null
8415,1714964145922,1714964146807,885,null
8416,1714964145922,1714964147164,1242,null
8417,1714964145922,1714964147164,1242,null
8418,1714964145923,1714964147097,1174,null
8419,1714964145923,1714964147164,1241,null
8420,1714964145923,1714964147164,1241,null
8421,1714964145923,1714964147019,1096,null
8422,1714964145923,1714964147019,1096,null
8423,1714964145923,1714964147019,1096,null
8424,1714964145923,1714964146708,785,null
8425,1714964145924,1714964146952,1028,null
8426,1714964145924,1714964146903,979,null
8427,1714964145924,1714964146880,956,null
8428,1714964145924,1714964146876,952,null
8429,1714964145924,1714964146892,968,null
8430,1714964145924,1714964146880,956,null
8431,1714964145924,1714964146929,1005,null
8432,1714964145925,1714964146880,955,null
8433,1714964145925,1714964146931,1006,null
8434,1714964145925,1714964146931,1006,null
8435,1714964145925,1714964146931,1006,null
8436,1714964145925,1714964146931,1006,null
8437,1714964145925,1714964146931,1006,null
8438,1714964145925,1714964146931,1006,null
8439,1714964145925,1714964146930,1005,null
8440,1714964145925,1714964146952,1027,null
8441,1714964145926,1714964146586,660,null
8442,1714964145926,1714964146930,1004,null
8443,1714964145926,1714964146853,927,null
8444,1714964145926,1714964146931,1005,null
8445,1714964145926,1714964146931,1005,null
8446,1714964145926,1714964146951,1025,null
8447,1714964145926,1714964146952,1026,null
8448,1714964145926,1714964146586,660,null
8449,1714964145926,1714964146586,660,null
8450,1714964145927,1714964146586,659,null
8451,1714964145927,1714964146586,659,null
8452,1714964145927,1714964146586,659,null
8453,1714964145927,1714964146586,659,null
8454,1714964145927,1714964146586,659,null
8455,1714964145927,1714964146586,659,null
8456,1714964145927,1714964146586,659,null
8457,1714964145927,1714964146586,659,null
8458,1714964145927,1714964146702,775,null
8459,1714964145928,1714964146702,774,null
8460,1714964145928,1714964146952,1024,null
8461,1714964145928,1714964146586,658,null
8462,1714964145928,1714964146708,780,null
8463,1714964145928,1714964147019,1091,null
8464,1714964145928,1714964147019,1091,null
8465,1714964145928,1714964147063,1135,null
8466,1714964145928,1714964147164,1236,null
8467,1714964145928,1714964147019,1091,null
8468,1714964145929,1714964147057,1128,null
8469,1714964145929,1714964146586,657,null
8470,1714964145929,1714964146825,896,null
8471,1714964145929,1714964146844,915,null
8472,1714964145929,1714964146826,897,null
8473,1714964145929,1714964146842,913,null
8474,1714964145929,1714964146842,913,null
8475,1714964145929,1714964146586,657,null
8476,1714964145929,1714964147019,1090,null
8477,1714964145930,1714964147045,1115,null
8478,1714964145930,1714964146702,772,null
8479,1714964145930,1714964147087,1157,null
8480,1714964145930,1714964146772,842,null
8481,1714964145930,1714964146773,843,null
8482,1714964145930,1714964146803,873,null
8483,1714964145930,1714964146804,874,null
8484,1714964145930,1714964146586,656,null
8485,1714964145930,1714964146859,929,null
8486,1714964145930,1714964146804,874,null
8487,1714964145931,1714964147019,1088,null
8488,1714964145931,1714964147164,1233,null
8489,1714964145931,1714964147014,1083,null
8490,1714964145931,1714964147019,1088,null
8491,1714964145931,1714964146842,911,null
8492,1714964145931,1714964147019,1088,null
8493,1714964145931,1714964146842,911,null
8494,1714964145931,1714964147019,1088,null
8495,1714964145931,1714964146586,655,null
8496,1714964145932,1714964146586,654,null
8497,1714964146251,1714964146586,335,null
8498,1714964146252,1714964146586,334,null
8499,1714964146252,1714964146586,334,null
8500,1714964146253,1714964146586,333,null
8501,1714964146253,1714964146586,333,null
8502,1714964146253,1714964146586,333,null
8503,1714964146254,1714964146586,332,null
8504,1714964146254,1714964146586,332,null
8505,1714964146254,1714964146586,332,null
8506,1714964146254,1714964146702,448,null
8507,1714964146440,1714964147075,635,null
8508,1714964146476,1714964147019,543,null
8509,1714964146943,1714964146965,22,null
8510,1714964146944,1714964147019,75,null
8511,1714964146944,1714964147019,75,null
8512,1714964146944,1714964147019,75,null
8513,1714964146945,1714964147019,74,null
8514,1714964146945,1714964147019,74,null
8515,1714964146946,1714964147060,114,null
8516,1714964146946,1714964147017,71,null
8517,1714964146947,1714964147019,72,null
8518,1714964146948,1714964147019,71,null
8519,1714964146948,1714964147019,71,null
8520,1714964146949,1714964147045,96,null
8521,1714964146949,1714964146966,17,null
8522,1714964146952,1714964147045,93,null
8523,1714964146952,1714964147019,67,null
8524,1714964146952,1714964147104,152,null
8525,1714964147005,1714964147164,159,null
8526,1714964147005,1714964147094,89,null
8527,1714964147005,1714964147164,159,null
8528,1714964147006,1714964147164,158,null
8529,1714964147006,1714964147164,158,null
8530,1714964147007,1714964147164,157,null
8531,1714964147007,1714964147164,157,null
8532,1714964147007,1714964147325,318,null
8533,1714964147008,1714964147164,156,null
8534,1714964147008,1714964147326,318,null
8535,1714964147008,1714964147314,306,null
8536,1714964147009,1714964147321,312,null
8537,1714964147009,1714964147325,316,null
8538,1714964147009,1714964147325,316,null
8539,1714964147009,1714964147325,316,null
8540,1714964147010,1714964147325,315,null
8541,1714964147010,1714964147325,315,null
8542,1714964147010,1714964147325,315,null
8543,1714964147011,1714964147325,314,null
8544,1714964147011,1714964147325,314,null
8545,1714964147011,1714964147325,314,null
8546,1714964147012,1714964147325,313,null
8547,1714964147012,1714964147325,313,null
8548,1714964147012,1714964147325,313,null
8549,1714964147013,1714964147325,312,null
8550,1714964147013,1714964147325,312,null
8551,1714964147014,1714964147325,311,null
8552,1714964147014,1714964147325,311,null
8553,1714964147015,1714964147126,111,null
8554,1714964147015,1714964147325,310,null
8555,1714964147017,1714964147164,147,null
8556,1714964147104,1714964147320,216,null
8557,1714964147104,1714964147325,221,null
8558,1714964147104,1714964147325,221,null
8559,1714964147105,1714964147325,220,null
8560,1714964147105,1714964147787,682,null
8561,1714964147105,1714964147325,220,null
8562,1714964147105,1714964147325,220,null
8563,1714964147105,1714964147325,220,null
8564,1714964147105,1714964147325,220,null
8565,1714964147105,1714964147787,682,null
8566,1714964147105,1714964147325,220,null
8567,1714964147105,1714964147325,220,null
8568,1714964147106,1714964147325,219,null
8569,1714964147106,1714964147411,305,null
8570,1714964147106,1714964147325,219,null
8571,1714964147106,1714964147325,219,null
8572,1714964147106,1714964147325,219,null
8573,1714964147106,1714964147325,219,null
8574,1714964147106,1714964147325,219,null
8575,1714964147106,1714964147164,58,null
8576,1714964147106,1714964147314,208,null
8577,1714964147107,1714964147787,680,null
8578,1714964147107,1714964147787,680,null
8579,1714964147107,1714964147787,680,null
8580,1714964147107,1714964147787,680,null
8581,1714964147107,1714964147787,680,null
8582,1714964147107,1714964147787,680,null
8583,1714964147107,1714964147787,680,null
8584,1714964147107,1714964147787,680,null
8585,1714964147107,1714964147787,680,null
8586,1714964147107,1714964147787,680,null
8587,1714964147108,1714964147787,679,null
8588,1714964147108,1714964147643,535,null
8589,1714964147108,1714964147787,679,null
8590,1714964147108,1714964147787,679,null
8591,1714964147108,1714964147787,679,null
8592,1714964147108,1714964147787,679,null
8593,1714964147108,1714964147325,217,null
8594,1714964147108,1714964147325,217,null
8595,1714964147108,1714964147325,217,null
8596,1714964147109,1714964147325,216,null
8597,1714964147109,1714964147321,212,null
8598,1714964147109,1714964147325,216,null
8599,1714964147109,1714964147787,678,null
8600,1714964147109,1714964147325,216,null
8601,1714964147132,1714964147180,48,null
8602,1714964147151,1714964147326,175,null
8603,1714964147151,1714964147325,174,null
8604,1714964147151,1714964147325,174,null
8605,1714964147151,1714964147325,174,null
8606,1714964147152,1714964147325,173,null
8607,1714964147152,1714964147325,173,null
8608,1714964147152,1714964147325,173,null
8609,1714964147152,1714964147756,604,null
8610,1714964147152,1714964147325,173,null
8611,1714964147152,1714964147325,173,null
8612,1714964147152,1714964147325,173,null
8613,1714964147152,1714964147325,173,null
8614,1714964147152,1714964147325,173,null
8615,1714964147153,1714964147325,172,null
8616,1714964147153,1714964147315,162,null
8617,1714964147153,1714964147315,162,null
8618,1714964147153,1714964147787,634,null
8619,1714964147153,1714964147787,634,null
8620,1714964147153,1714964147787,634,null
8621,1714964147153,1714964147787,634,null
8622,1714964147153,1714964147326,173,null
8623,1714964147153,1714964147787,634,null
8624,1714964147154,1714964147325,171,null
8625,1714964147154,1714964147787,633,null
8626,1714964147154,1714964147787,633,null
8627,1714964147154,1714964147787,633,null
8628,1714964147154,1714964147787,633,null
8629,1714964147154,1714964147787,633,null
8630,1714964147154,1714964147787,633,null
8631,1714964147155,1714964147787,632,null
8632,1714964147155,1714964147787,632,null
8633,1714964147155,1714964147787,632,null
8634,1714964147155,1714964147787,632,null
8635,1714964147155,1714964147787,632,null
8636,1714964147155,1714964147643,488,null
8637,1714964147155,1714964147787,632,null
8638,1714964147155,1714964147787,632,null
8639,1714964147155,1714964147787,632,null
8640,1714964147156,1714964147787,631,null
8641,1714964147256,1714964147787,531,null
8642,1714964147256,1714964147643,387,null
8643,1714964147257,1714964147787,530,null
8644,1714964147257,1714964147788,531,null
8645,1714964147258,1714964147787,529,null
8646,1714964147258,1714964147643,385,null
8647,1714964147259,1714964147643,384,null
8648,1714964147259,1714964147643,384,null
8649,1714964147260,1714964147754,494,null
8650,1714964147260,1714964147787,527,null
8651,1714964147260,1714964147787,527,null
8652,1714964147261,1714964147787,526,null
8653,1714964147261,1714964147787,526,null
8654,1714964147261,1714964147787,526,null
8655,1714964147262,1714964147787,525,null
8656,1714964147262,1714964147787,525,null
8657,1714964147262,1714964147787,525,null
8658,1714964147263,1714964147787,524,null
8659,1714964147263,1714964147787,524,null
8660,1714964147264,1714964147787,523,null
8661,1714964147264,1714964147787,523,null
8662,1714964147265,1714964147787,522,null
8663,1714964147265,1714964147787,522,null
8664,1714964147266,1714964147787,521,null
8665,1714964147266,1714964147788,522,null
8666,1714964147267,1714964147787,520,null
8667,1714964147267,1714964147788,521,null
8668,1714964147268,1714964147788,520,null
8669,1714964147268,1714964147788,520,null
8670,1714964147269,1714964147788,519,null
8671,1714964147269,1714964147788,519,null
8672,1714964147270,1714964147788,518,null
8673,1714964147270,1714964147788,518,null
8674,1714964147271,1714964147788,517,null
8675,1714964147271,1714964147788,517,null
8676,1714964147272,1714964147788,516,null
8677,1714964147272,1714964147788,516,null
8678,1714964147273,1714964147788,515,null
8679,1714964147273,1714964147788,515,null
8680,1714964147274,1714964147788,514,null
8681,1714964147274,1714964147787,513,null
8682,1714964147275,1714964147787,512,null
8683,1714964147275,1714964147787,512,null
8684,1714964147411,1714964147787,376,null
8685,1714964147411,1714964147787,376,null
8686,1714964147411,1714964147787,376,null
8687,1714964147411,1714964147787,376,null
8688,1714964147412,1714964147787,375,null
8689,1714964147412,1714964147787,375,null
8690,1714964147412,1714964147787,375,null
8691,1714964147412,1714964147787,375,null
8692,1714964147412,1714964147787,375,null
8693,1714964147412,1714964147787,375,null
8694,1714964147412,1714964147787,375,null
8695,1714964147412,1714964147787,375,null
8696,1714964147413,1714964147787,374,null
8697,1714964147413,1714964147787,374,null
8698,1714964147413,1714964147787,374,null
8699,1714964147413,1714964147788,375,null
8700,1714964147413,1714964147643,230,null
8701,1714964147413,1714964147787,374,null
8702,1714964147413,1714964147787,374,null
8703,1714964147413,1714964147788,375,null
8704,1714964147414,1714964147788,374,null
8705,1714964147414,1714964147788,374,null
8706,1714964147414,1714964147788,374,null
8707,1714964147414,1714964147788,374,null
8708,1714964147414,1714964147788,374,null
8709,1714964147414,1714964147787,373,null
8710,1714964147414,1714964147788,374,null
8711,1714964147414,1714964147788,374,null
8712,1714964147414,1714964147788,374,null
8713,1714964147415,1714964147788,373,null
8714,1714964147415,1714964147788,373,null
8715,1714964147415,1714964147788,373,null
8716,1714964147415,1714964147788,373,null
8717,1714964147415,1714964147788,373,null
8718,1714964147415,1714964147788,373,null
8719,1714964147415,1714964147643,228,null
8720,1714964147415,1714964147787,372,null
8721,1714964147415,1714964147787,372,null
8722,1714964147497,1714964147787,290,null
8723,1714964147497,1714964147787,290,null
8724,1714964147498,1714964147787,289,null
8725,1714964147499,1714964147787,288,null
8726,1714964147499,1714964147787,288,null
8727,1714964147500,1714964147787,287,null
8728,1714964147500,1714964147787,287,null
8729,1714964147501,1714964147788,287,null
8730,1714964147501,1714964147788,287,null
8731,1714964147502,1714964147788,286,null
8732,1714964147502,1714964147788,286,null
8733,1714964147503,1714964147788,285,null
8734,1714964147504,1714964147788,284,null
8735,1714964147504,1714964147788,284,null
8736,1714964147505,1714964147788,283,null
8737,1714964147505,1714964147643,138,null
8738,1714964147506,1714964147643,137,null
8739,1714964147506,1714964147787,281,null
8740,1714964147507,1714964147689,182,null
8741,1714964147507,1714964147680,173,null
8742,1714964147508,1714964147752,244,null
8743,1714964147509,1714964147788,279,null
8744,1714964147509,1714964147752,243,null
8745,1714964147510,1714964147788,278,null
8746,1714964147510,1714964147788,278,null
8747,1714964147511,1714964147647,136,null
8748,1714964147630,1714964147654,24,null
8749,1714964147631,1714964147663,32,null
8750,1714964147631,1714964147679,48,null
8751,1714964147632,1714964147764,132,null
8752,1714964147633,1714964147754,121,null
8753,1714964147634,1714964147788,154,null
8754,1714964147634,1714964147787,153,null
8755,1714964147635,1714964147932,297,null
8756,1714964147636,1714964147787,151,null
8757,1714964147637,1714964147764,127,null
8758,1714964147638,1714964147788,150,null
8759,1714964147639,1714964147788,149,null
8760,1714964147681,1714964147788,107,null
8761,1714964147681,1714964147758,77,null
8762,1714964147681,1714964147767,86,null
8763,1714964147682,1714964148124,442,null
8764,1714964147682,1714964147898,216,null
8765,1714964147682,1714964147930,248,null
8766,1714964147683,1714964147972,289,null
8767,1714964147683,1714964147997,314,null
8768,1714964147683,1714964148117,434,null
8769,1714964147683,1714964148351,668,null
8770,1714964147684,1714964148126,442,null
8771,1714964147684,1714964148121,437,null
8772,1714964147684,1714964148119,435,null
8773,1714964147685,1714964148126,441,null
8774,1714964147685,1714964148354,669,null
8775,1714964147685,1714964147788,103,null
8776,1714964147685,1714964147986,301,null
8777,1714964147686,1714964148122,436,null
8778,1714964147686,1714964148351,665,null
8779,1714964147686,1714964148126,440,null
8780,1714964147687,1714964148126,439,null
8781,1714964147687,1714964148351,664,null
8782,1714964147687,1714964148126,439,null
8783,1714964147687,1714964148187,500,null
8784,1714964147688,1714964148187,499,null
8785,1714964147688,1714964148351,663,null
8786,1714964147688,1714964147970,282,null
8787,1714964147691,1714964147929,238,null
8788,1714964147728,1714964148114,386,null
8789,1714964147729,1714964148351,622,null
8790,1714964147729,1714964148126,397,null
8791,1714964147729,1714964148351,622,null
8792,1714964147730,1714964148351,621,null
8793,1714964147730,1714964148126,396,null
8794,1714964147730,1714964148126,396,null
8795,1714964147731,1714964148354,623,null
8796,1714964147731,1714964148126,395,null
8797,1714964147731,1714964148126,395,null
8798,1714964147732,1714964148126,394,null
8799,1714964147732,1714964148126,394,null
8800,1714964147733,1714964148126,393,null
8801,1714964147733,1714964148187,454,null
8802,1714964147733,1714964148158,425,null
8803,1714964147734,1714964148246,512,null
8804,1714964147734,1714964148351,617,null
8805,1714964147734,1714964148351,617,null
8806,1714964147735,1714964148351,616,null
8807,1714964147735,1714964148351,616,null
8808,1714964147735,1714964148351,616,null
8809,1714964147736,1714964148351,615,null
8810,1714964147736,1714964148351,615,null
8811,1714964147737,1714964148351,614,null
8812,1714964147737,1714964148351,614,null
8813,1714964147737,1714964148351,614,null
8814,1714964147738,1714964148351,613,null
8815,1714964147738,1714964148351,613,null
8816,1714964147752,1714964148351,599,null
8817,1714964147756,1714964148194,438,null
8818,1714964147756,1714964148187,431,null
8819,1714964147756,1714964147984,228,null
8820,1714964147757,1714964147987,230,null
8821,1714964147757,1714964148351,594,null
8822,1714964147758,1714964147977,219,null
8823,1714964147758,1714964148187,429,null
8824,1714964147759,1714964148126,367,null
8825,1714964147759,1714964148351,592,null
8826,1714964147760,1714964148351,591,null
8827,1714964147761,1714964148351,590,null
8828,1714964147761,1714964148126,365,null
8829,1714964147762,1714964147980,218,null
8830,1714964147762,1714964148126,364,null
8831,1714964147763,1714964148126,363,null
8832,1714964147763,1714964148126,363,null
8833,1714964147765,1714964148126,361,null
8834,1714964147766,1714964148251,485,null
8835,1714964147766,1714964148351,585,null
8836,1714964147769,1714964148351,582,null
8837,1714964147769,1714964148351,582,null
8838,1714964147770,1714964148351,581,null
8839,1714964147770,1714964148351,581,null
8840,1714964147770,1714964148351,581,null
8841,1714964147771,1714964148351,580,null
8842,1714964147771,1714964148351,580,null
8843,1714964147771,1714964148351,580,null
8844,1714964147771,1714964148351,580,null
8845,1714964147772,1714964148264,492,null
8846,1714964147772,1714964148351,579,null
8847,1714964147772,1714964148351,579,null
8848,1714964147773,1714964148351,578,null
8849,1714964147776,1714964148351,575,null
8850,1714964147776,1714964148351,575,null
8851,1714964147776,1714964148351,575,null
8852,1714964147776,1714964148351,575,null
8853,1714964147776,1714964148351,575,null
8854,1714964147777,1714964148351,574,null
8855,1714964147777,1714964148351,574,null
8856,1714964147777,1714964148351,574,null
8857,1714964147777,1714964148126,349,null
8858,1714964147777,1714964148351,574,null
8859,1714964147777,1714964148242,465,null
8860,1714964147777,1714964148351,574,null
8861,1714964147777,1714964148351,574,null
8862,1714964147777,1714964148351,574,null
8863,1714964147777,1714964148351,574,null
8864,1714964147778,1714964148351,573,null
8865,1714964147778,1714964148468,690,null
8866,1714964147778,1714964148351,573,null
8867,1714964147778,1714964148351,573,null
8868,1714964147778,1714964148351,573,null
8869,1714964147778,1714964148351,573,null
8870,1714964147778,1714964148351,573,null
8871,1714964147778,1714964148352,574,null
8872,1714964147778,1714964148352,574,null
8873,1714964147779,1714964148352,573,null
8874,1714964147779,1714964148352,573,null
8875,1714964147779,1714964148352,573,null
8876,1714964147779,1714964148352,573,null
8877,1714964147779,1714964148404,625,null
8878,1714964147779,1714964148352,573,null
8879,1714964147779,1714964148352,573,null
8880,1714964147779,1714964148376,597,null
8881,1714964147779,1714964148126,347,null
8882,1714964147780,1714964148492,712,null
8883,1714964147898,1714964148386,488,null
8884,1714964147908,1714964148352,444,null
8885,1714964147908,1714964148352,444,null
8886,1714964147912,1714964148352,440,null
8887,1714964147912,1714964148351,439,null
8888,1714964147912,1714964148351,439,null
8889,1714964148049,1714964148351,302,null
8890,1714964148060,1714964148351,291,null
8891,1714964148060,1714964148351,291,null
8892,1714964148060,1714964148351,291,null
8893,1714964148061,1714964148351,290,null
8894,1714964148061,1714964148351,290,null
8895,1714964148061,1714964148351,290,null
8896,1714964148061,1714964148268,207,null
8897,1714964148061,1714964148351,290,null
8898,1714964148062,1714964148351,289,null
8899,1714964148062,1714964148351,289,null
8900,1714964148062,1714964148352,290,null
8901,1714964148062,1714964148351,289,null
8902,1714964148063,1714964148352,289,null
8903,1714964148063,1714964148353,290,null
8904,1714964148063,1714964148352,289,null
8905,1714964148065,1714964148352,287,null
8906,1714964148065,1714964148351,286,null
8907,1714964148066,1714964148725,659,null
8908,1714964148137,1714964148725,588,null
8909,1714964148137,1714964148725,588,null
8910,1714964148141,1714964148725,584,null
8911,1714964148141,1714964148725,584,null
8912,1714964148142,1714964148725,583,null
8913,1714964148142,1714964148725,583,null
8914,1714964148142,1714964148725,583,null
8915,1714964148143,1714964148725,582,null
8916,1714964148143,1714964148399,256,null
8917,1714964148147,1714964148725,578,null
8918,1714964148147,1714964148725,578,null
8919,1714964148147,1714964148725,578,null
8920,1714964148148,1714964148725,577,null
8921,1714964148148,1714964148725,577,null
8922,1714964148148,1714964148725,577,null
8923,1714964148149,1714964148725,576,null
8924,1714964148149,1714964148725,576,null
8925,1714964148149,1714964148726,577,null
8926,1714964148150,1714964148726,576,null
8927,1714964148150,1714964148726,576,null
8928,1714964148150,1714964148726,576,null
8929,1714964148151,1714964148726,575,null
8930,1714964148151,1714964148725,574,null
8931,1714964148151,1714964148725,574,null
8932,1714964148152,1714964148726,574,null
8933,1714964148152,1714964148726,574,null
8934,1714964148152,1714964148726,574,null
8935,1714964148152,1714964148726,574,null
8936,1714964148153,1714964148726,573,null
8937,1714964148181,1714964148726,545,null
8938,1714964148182,1714964148726,544,null
8939,1714964148182,1714964148726,544,null
8940,1714964148183,1714964148726,543,null
8941,1714964148184,1714964148726,542,null
8942,1714964148184,1714964148726,542,null
8943,1714964148185,1714964148726,541,null
8944,1714964148186,1714964148726,540,null
8945,1714964148186,1714964148726,540,null
8946,1714964148226,1714964148726,500,null
8947,1714964148227,1714964148726,499,null
8948,1714964148228,1714964148726,498,null
8949,1714964148228,1714964148726,498,null
8950,1714964148229,1714964148726,497,null
8951,1714964148230,1714964148726,496,null
8952,1714964148231,1714964148726,495,null
8953,1714964148231,1714964148726,495,null
8954,1714964148232,1714964148726,494,null
8955,1714964148233,1714964148726,493,null
8956,1714964148233,1714964148726,493,null
8957,1714964148234,1714964148726,492,null
8958,1714964148235,1714964148725,490,null
8959,1714964148235,1714964148907,672,null
8960,1714964148236,1714964148732,496,null
8961,1714964148237,1714964148907,670,null
8962,1714964148237,1714964148907,670,null
8963,1714964148238,1714964149144,906,null
8964,1714964148239,1714964149144,905,null
8965,1714964148239,1714964148959,720,null
8966,1714964148258,1714964148413,155,null
8967,1714964148259,1714964148407,148,null
8968,1714964148260,1714964148415,155,null
8969,1714964148326,1714964148494,168,null
8970,1714964148327,1714964148437,110,null
8971,1714964148328,1714964148493,165,null
8972,1714964148328,1714964148725,397,null
8973,1714964148329,1714964148467,138,null
8974,1714964148329,1714964148725,396,null
8975,1714964148330,1714964148725,395,null
8976,1714964148330,1714964148725,395,null
8977,1714964148331,1714964148608,277,null
8978,1714964148332,1714964148726,394,null
8979,1714964148332,1714964148848,516,null
8980,1714964148333,1714964148726,393,null
8981,1714964148333,1714964148725,392,null
8982,1714964148334,1714964148725,391,null
8983,1714964148334,1714964148725,391,null
8984,1714964148335,1714964148725,390,null
8985,1714964148335,1714964148725,390,null
8986,1714964148336,1714964148725,389,null
8987,1714964148336,1714964148725,389,null
8988,1714964148339,1714964148725,386,null
8989,1714964148340,1714964148725,385,null
8990,1714964148386,1714964148725,339,null
8991,1714964148416,1714964148725,309,null
8992,1714964148416,1714964148725,309,null
8993,1714964148416,1714964148725,309,null
8994,1714964148420,1714964148725,305,null
8995,1714964148420,1714964148725,305,null
8996,1714964148420,1714964148725,305,null
8997,1714964148420,1714964148848,428,null
8998,1714964148420,1714964148848,428,null
8999,1714964148422,1714964148725,303,null
9000,1714964148422,1714964148725,303,null
9001,1714964148423,1714964148725,302,null
9002,1714964148423,1714964148725,302,null
9003,1714964148423,1714964148725,302,null
9004,1714964148423,1714964148725,302,null
9005,1714964148423,1714964148725,302,null
9006,1714964148423,1714964148725,302,null
9007,1714964148423,1714964148725,302,null
9008,1714964148424,1714964148725,301,null
9009,1714964148428,1714964148725,297,null
9010,1714964148428,1714964148725,297,null
9011,1714964148428,1714964148725,297,null
9012,1714964148428,1714964148848,420,null
9013,1714964148437,1714964148725,288,null
9014,1714964148437,1714964148726,289,null
9015,1714964148437,1714964148726,289,null
9016,1714964148437,1714964148726,289,null
9017,1714964148437,1714964148726,289,null
9018,1714964148438,1714964148726,288,null
9019,1714964148438,1714964148726,288,null
9020,1714964148438,1714964148726,288,null
9021,1714964148438,1714964148726,288,null
9022,1714964148438,1714964148726,288,null
9023,1714964148438,1714964148726,288,null
9024,1714964148438,1714964148726,288,null
9025,1714964148438,1714964148726,288,null
9026,1714964148438,1714964148725,287,null
9027,1714964148439,1714964148726,287,null
9028,1714964148439,1714964148726,287,null
9029,1714964148439,1714964148726,287,null
9030,1714964148439,1714964148726,287,null
9031,1714964148439,1714964148726,287,null
9032,1714964148439,1714964148726,287,null
9033,1714964148439,1714964148726,287,null
9034,1714964148439,1714964148726,287,null
9035,1714964148440,1714964148726,286,null
9036,1714964148440,1714964148726,286,null
9037,1714964148440,1714964148726,286,null
9038,1714964148440,1714964148726,286,null
9039,1714964148440,1714964148726,286,null
9040,1714964148440,1714964148726,286,null
9041,1714964148440,1714964148726,286,null
9042,1714964148440,1714964148726,286,null
9043,1714964148441,1714964148513,72,null
9044,1714964148441,1714964148725,284,null
9045,1714964148441,1714964148726,285,null
9046,1714964148441,1714964148726,285,null
9047,1714964148441,1714964148726,285,null
9048,1714964148441,1714964148726,285,null
9049,1714964148441,1714964148726,285,null
9050,1714964148441,1714964148726,285,null
9051,1714964148441,1714964148726,285,null
9052,1714964148442,1714964148726,284,null
9053,1714964148442,1714964148726,284,null
9054,1714964148442,1714964148726,284,null
9055,1714964148442,1714964148726,284,null
9056,1714964148442,1714964148726,284,null
9057,1714964148442,1714964148725,283,null
9058,1714964148442,1714964148726,284,null
9059,1714964148442,1714964148907,465,null
9060,1714964148442,1714964148907,465,null
9061,1714964148442,1714964149045,603,null
9062,1714964148443,1714964149144,701,null
9063,1714964148443,1714964148726,283,null
9064,1714964148443,1714964148727,284,null
9065,1714964148443,1714964148736,293,null
9066,1714964148443,1714964148726,283,null
9067,1714964148443,1714964148795,352,null
9068,1714964148443,1714964148907,464,null
9069,1714964148443,1714964148774,331,null
9070,1714964148443,1714964148848,405,null
9071,1714964148444,1714964148934,490,null
9072,1714964148521,1714964149144,623,null
9073,1714964148521,1714964149144,623,null
9074,1714964148521,1714964149022,501,null
9075,1714964148522,1714964149144,622,null
9076,1714964148523,1714964148997,474,null
9077,1714964148523,1714964149144,621,null
9078,1714964148524,1714964149144,620,null
9079,1714964148524,1714964148976,452,null
9080,1714964148525,1714964149144,619,null
9081,1714964148525,1714964149144,619,null
9082,1714964148526,1714964149144,618,null
9083,1714964148526,1714964149144,618,null
9084,1714964148527,1714964149144,617,null
9085,1714964148527,1714964149144,617,null
9086,1714964148528,1714964149144,616,null
9087,1714964148528,1714964149144,616,null
9088,1714964148529,1714964149144,615,null
9089,1714964148531,1714964149144,613,null
9090,1714964148531,1714964149144,613,null
9091,1714964148531,1714964149144,613,null
9092,1714964148532,1714964149144,612,null
9093,1714964148532,1714964149144,612,null
9094,1714964148533,1714964149144,611,null
9095,1714964148533,1714964149144,611,null
9096,1714964148534,1714964149144,610,null
9097,1714964148534,1714964149146,612,null
9098,1714964148535,1714964149144,609,null
9099,1714964148535,1714964149144,609,null
9100,1714964148535,1714964149144,609,null
9101,1714964148536,1714964149144,608,null
9102,1714964148537,1714964149305,768,null
9103,1714964148537,1714964149257,720,null
9104,1714964148538,1714964149230,692,null
9105,1714964148538,1714964149305,767,null
9106,1714964148538,1714964149230,692,null
9107,1714964148539,1714964149305,766,null
9108,1714964148539,1714964148971,432,null
9109,1714964148540,1714964148987,447,null
9110,1714964148712,1714964148907,195,null
9111,1714964148713,1714964149144,431,null
9112,1714964148714,1714964148907,193,null
9113,1714964148714,1714964148927,213,null
9114,1714964148715,1714964149144,429,null
9115,1714964148716,1714964149144,428,null
9116,1714964148717,1714964149144,427,null
9117,1714964148717,1714964149048,331,null
9118,1714964148718,1714964149140,422,null
9119,1714964148719,1714964149144,425,null
9120,1714964148719,1714964149144,425,null
9121,1714964148720,1714964149144,424,null
9122,1714964148721,1714964149144,423,null
9123,1714964148721,1714964149144,423,null
9124,1714964148722,1714964148985,263,null
9125,1714964148804,1714964149144,340,null
9126,1714964148848,1714964149144,296,null
9127,1714964148852,1714964149144,292,null
9128,1714964148853,1714964149144,291,null
9129,1714964148853,1714964149144,291,null
9130,1714964148858,1714964149144,286,null
9131,1714964148858,1714964149140,282,null
9132,1714964148859,1714964149144,285,null
9133,1714964148985,1714964149144,159,null
9134,1714964149090,1714964149144,54,null
9135,1714964149091,1714964149144,53,null
9136,1714964149092,1714964149230,138,null
9137,1714964149096,1714964149172,76,null
9138,1714964149097,1714964149230,133,null
9139,1714964149098,1714964149305,207,null
9140,1714964149098,1714964149230,132,null
9141,1714964149099,1714964149305,206,null
9142,1714964149101,1714964149293,192,null
9143,1714964149102,1714964149305,203,null
9144,1714964149127,1714964149264,137,null
9145,1714964149128,1714964149305,177,null
9146,1714964149129,1714964149305,176,null
9147,1714964149129,1714964149305,176,null
9148,1714964149130,1714964149293,163,null
9149,1714964149130,1714964149305,175,null
9150,1714964149131,1714964149305,174,null
9151,1714964149131,1714964149305,174,null
9152,1714964149132,1714964149293,161,null
9153,1714964149132,1714964149293,161,null
9154,1714964149133,1714964149305,172,null
9155,1714964149133,1714964149293,160,null
9156,1714964149134,1714964149305,171,null
9157,1714964149135,1714964149293,158,null
9158,1714964149135,1714964149293,158,null
9159,1714964149136,1714964149293,157,null
9160,1714964149136,1714964149293,157,null
9161,1714964149137,1714964149323,186,null
9162,1714964149137,1714964149323,186,null
9163,1714964149138,1714964149323,185,null
9164,1714964149138,1714964149327,189,null
9165,1714964149139,1714964149305,166,null
9166,1714964149139,1714964149293,154,null
9167,1714964149230,1714964149323,93,null
9168,1714964149264,1714964149326,62,null
9169,1714964149265,1714964149323,58,null
9170,1714964149265,1714964149740,475,null
9171,1714964149266,1714964149323,57,null
9172,1714964149266,1714964149740,474,null
9173,1714964149267,1714964149740,473,null
9174,1714964149267,1714964149438,171,null
9175,1714964149268,1714964149740,472,null
9176,1714964149268,1714964149652,384,null
9177,1714964149269,1714964149307,38,null
9178,1714964149269,1714964149293,24,null
9179,1714964149289,1714964149740,451,null
9180,1714964149290,1714964149655,365,null
9181,1714964149290,1714964149658,368,null
9182,1714964149291,1714964149431,140,null
9183,1714964149291,1714964149740,449,null
9184,1714964149292,1714964149740,448,null
9185,1714964149301,1714964149740,439,null
9186,1714964149307,1714964149429,122,null
9187,1714964149320,1714964149740,420,null
9188,1714964149351,1714964149740,389,null
9189,1714964149351,1714964149740,389,null
9190,1714964149351,1714964149768,417,null
9191,1714964149351,1714964149768,417,null
9192,1714964149351,1714964149768,417,null
9193,1714964149351,1714964149768,417,null
9194,1714964149352,1714964149768,416,null
9195,1714964149352,1714964149768,416,null
9196,1714964149352,1714964149768,416,null
9197,1714964149352,1714964149768,416,null
9198,1714964149352,1714964149768,416,null
9199,1714964149352,1714964149768,416,null
9200,1714964149352,1714964149768,416,null
9201,1714964149352,1714964149768,416,null
9202,1714964149352,1714964149740,388,null
9203,1714964149353,1714964149768,415,null
9204,1714964149353,1714964149740,387,null
9205,1714964149353,1714964149660,307,null
9206,1714964149353,1714964149656,303,null
9207,1714964149353,1714964149673,320,null
9208,1714964149353,1714964149740,387,null
9209,1714964149353,1714964149733,380,null
9210,1714964149353,1714964149768,415,null
9211,1714964149354,1714964149740,386,null
9212,1714964149354,1714964149740,386,null
9213,1714964149354,1714964149768,414,null
9214,1714964149354,1714964149740,386,null
9215,1714964149354,1714964149740,386,null
9216,1714964149354,1714964149768,414,null
9217,1714964149354,1714964149740,386,null
9218,1714964149354,1714964149768,414,null
9219,1714964149354,1714964149740,386,null
9220,1714964149355,1714964149769,414,null
9221,1714964149355,1714964149768,413,null
9222,1714964149355,1714964149664,309,null
9223,1714964149355,1714964149665,310,null
9224,1714964149355,1714964149768,413,null
9225,1714964149355,1714964149768,413,null
9226,1714964149355,1714964149768,413,null
9227,1714964149355,1714964149768,413,null
9228,1714964149355,1714964149768,413,null
9229,1714964149356,1714964149768,412,null
9230,1714964149357,1714964149769,412,null
9231,1714964149357,1714964149768,411,null
9232,1714964149357,1714964149768,411,null
9233,1714964149357,1714964149768,411,null
9234,1714964149357,1714964149735,378,null
9235,1714964149358,1714964149769,411,null
9236,1714964149359,1714964149768,409,null
9237,1714964149359,1714964149768,409,null
9238,1714964149359,1714964149768,409,null
9239,1714964149359,1714964149771,412,null
9240,1714964149360,1714964149667,307,null
9241,1714964149361,1714964149768,407,null
9242,1714964149361,1714964149768,407,null
9243,1714964149361,1714964149768,407,null
9244,1714964149361,1714964149768,407,null
9245,1714964149361,1714964149768,407,null
9246,1714964149364,1714964149768,404,null
9247,1714964149364,1714964149768,404,null
9248,1714964149365,1714964149768,403,null
9249,1714964149365,1714964149740,375,null
9250,1714964149365,1714964149768,403,null
9251,1714964149375,1714964149671,296,null
9252,1714964149376,1714964149731,355,null
9253,1714964149376,1714964149740,364,null
9254,1714964149376,1714964149740,364,null
9255,1714964149376,1714964149740,364,null
9256,1714964149376,1714964149740,364,null
9257,1714964149376,1714964149740,364,null
9258,1714964149376,1714964149768,392,null
9259,1714964149377,1714964149768,391,null
9260,1714964149377,1714964149740,363,null
9261,1714964149377,1714964149740,363,null
9262,1714964149377,1714964149769,392,null
9263,1714964149377,1714964149769,392,null
9264,1714964149377,1714964149768,391,null
9265,1714964149377,1714964149768,391,null
9266,1714964149377,1714964149768,391,null
9267,1714964149377,1714964149768,391,null
9268,1714964149378,1714964149740,362,null
9269,1714964149378,1714964149740,362,null
9270,1714964149378,1714964149768,390,null
9271,1714964149378,1714964149740,362,null
9272,1714964149378,1714964149778,400,null
9273,1714964149378,1714964149768,390,null
9274,1714964149378,1714964149768,390,null
9275,1714964149378,1714964149768,390,null
9276,1714964149378,1714964149768,390,null
9277,1714964149379,1714964149769,390,null
9278,1714964149379,1714964149768,389,null
9279,1714964149379,1714964149768,389,null
9280,1714964149379,1714964149650,271,null
9281,1714964149379,1714964149662,283,null
9282,1714964149379,1714964149740,361,null
9283,1714964149379,1714964149740,361,null
9284,1714964149379,1714964149740,361,null
9285,1714964149380,1714964149768,388,null
9286,1714964149380,1714964149669,289,null
9287,1714964149380,1714964149768,388,null
9288,1714964149385,1714964149768,383,null
9289,1714964149385,1714964149740,355,null
9290,1714964149386,1714964149711,325,null
9291,1714964149386,1714964149740,354,null
9292,1714964149386,1714964149740,354,null
9293,1714964149386,1714964149740,354,null
9294,1714964149387,1714964149768,381,null
9295,1714964149387,1714964149768,381,null
9296,1714964149387,1714964149768,381,null
9297,1714964149387,1714964149769,382,null
9298,1714964149388,1714964149768,380,null
9299,1714964149388,1714964149768,380,null
9300,1714964149388,1714964149768,380,null
9301,1714964149388,1714964149768,380,null
9302,1714964149389,1714964149768,379,null
9303,1714964149389,1714964149768,379,null
9304,1714964149389,1714964149768,379,null
9305,1714964149389,1714964149768,379,null
9306,1714964149389,1714964149768,379,null
9307,1714964149389,1714964149768,379,null
9308,1714964149389,1714964149768,379,null
9309,1714964149389,1714964149768,379,null
9310,1714964149389,1714964149768,379,null
9311,1714964149389,1714964149768,379,null
9312,1714964149390,1714964149768,378,null
9313,1714964149390,1714964149768,378,null
9314,1714964149390,1714964149768,378,null
9315,1714964149390,1714964149768,378,null
9316,1714964149390,1714964149768,378,null
9317,1714964149390,1714964149768,378,null
9318,1714964149390,1714964149768,378,null
9319,1714964149390,1714964149768,378,null
9320,1714964149390,1714964149768,378,null
9321,1714964149391,1714964149768,377,null
9322,1714964149391,1714964149768,377,null
9323,1714964149391,1714964149768,377,null
9324,1714964149391,1714964149768,377,null
9325,1714964149391,1714964149768,377,null
9326,1714964149391,1714964149768,377,null
9327,1714964149391,1714964149768,377,null
9328,1714964149391,1714964149768,377,null
9329,1714964149391,1714964149768,377,null
9330,1714964149392,1714964149768,376,null
9331,1714964149392,1714964149768,376,null
9332,1714964149392,1714964149768,376,null
9333,1714964149392,1714964149768,376,null
9334,1714964149392,1714964149768,376,null
9335,1714964149392,1714964149768,376,null
9336,1714964149392,1714964149768,376,null
9337,1714964149393,1714964149768,375,null
9338,1714964149406,1714964149769,363,null
9339,1714964149407,1714964149769,362,null
9340,1714964149408,1714964149768,360,null
9341,1714964149408,1714964149768,360,null
9342,1714964149409,1714964149768,359,null
9343,1714964149410,1714964149768,358,null
9344,1714964149410,1714964149768,358,null
9345,1714964149690,1714964149772,82,null
9346,1714964149690,1714964149810,120,null
9347,1714964149691,1714964149855,164,null
9348,1714964149691,1714964149835,144,null
9349,1714964149692,1714964150197,505,null
9350,1714964149692,1714964149878,186,null
9351,1714964149692,1714964150089,397,null
9352,1714964149693,1714964150094,401,null
9353,1714964149693,1714964150196,503,null
9354,1714964149694,1714964149958,264,null
9355,1714964149694,1714964150328,634,null
9356,1714964149695,1714964150328,633,null
9357,1714964149695,1714964150197,502,null
9358,1714964149696,1714964150197,501,null
9359,1714964149697,1714964150328,631,null
9360,1714964149697,1714964150196,499,null
9361,1714964149698,1714964150196,498,null
9362,1714964149699,1714964150328,629,null
9363,1714964149700,1714964150197,497,null
9364,1714964149700,1714964150328,628,null
9365,1714964149701,1714964150197,496,null
9366,1714964149701,1714964150328,627,null
9367,1714964149701,1714964150328,627,null
9368,1714964149702,1714964150328,626,null
9369,1714964149707,1714964150328,621,null
9370,1714964149707,1714964149769,62,null
9371,1714964149745,1714964149828,83,null
9372,1714964149745,1714964149890,145,null
9373,1714964149745,1714964149893,148,null
9374,1714964149746,1714964150041,295,null
9375,1714964149746,1714964150063,317,null
9376,1714964149746,1714964149883,137,null
9377,1714964149746,1714964150081,335,null
9378,1714964149746,1714964150196,450,null
9379,1714964149746,1714964150098,352,null
9380,1714964149746,1714964150197,451,null
9381,1714964149746,1714964150197,451,null
9382,1714964149746,1714964149863,117,null
9383,1714964149747,1714964149828,81,null
9384,1714964149747,1714964150051,304,null
9385,1714964149747,1714964150196,449,null
9386,1714964149747,1714964150090,343,null
9387,1714964149747,1714964150196,449,null
9388,1714964149747,1714964150197,450,null
9389,1714964149747,1714964149906,159,null
9390,1714964149747,1714964150197,450,null
9391,1714964149747,1714964149803,56,null
9392,1714964149748,1714964150328,580,null
9393,1714964149758,1714964150096,338,null
9394,1714964149759,1714964150328,569,null
9395,1714964149760,1714964149803,43,null
9396,1714964149760,1714964149916,156,null
9397,1714964149760,1714964150196,436,null
9398,1714964149761,1714964149950,189,null
9399,1714964149761,1714964150328,567,null
9400,1714964149761,1714964150197,436,null
9401,1714964149762,1714964150196,434,null
9402,1714964149763,1714964150197,434,null
9403,1714964149763,1714964150212,449,null
9404,1714964149765,1714964150225,460,null
9405,1714964149765,1714964150328,563,null
9406,1714964149765,1714964150328,563,null
9407,1714964149778,1714964150197,419,null
9408,1714964149778,1714964150197,419,null
9409,1714964149784,1714964150197,413,null
9410,1714964149784,1714964150197,413,null
9411,1714964149784,1714964150197,413,null
9412,1714964149784,1714964150205,421,null
9413,1714964149784,1714964150328,544,null
9414,1714964149784,1714964150327,543,null
9415,1714964149785,1714964150327,542,null
9416,1714964149785,1714964150328,543,null
9417,1714964149785,1714964150328,543,null
9418,1714964149785,1714964150328,543,null
9419,1714964149785,1714964150328,543,null
9420,1714964149785,1714964150328,543,null
9421,1714964149786,1714964150328,542,null
9422,1714964149786,1714964150328,542,null
9423,1714964149786,1714964150328,542,null
9424,1714964149787,1714964150328,541,null
9425,1714964149787,1714964150327,540,null
9426,1714964149792,1714964150074,282,null
9427,1714964149792,1714964150328,536,null
9428,1714964149792,1714964150328,536,null
9429,1714964149792,1714964150328,536,null
9430,1714964149792,1714964150328,536,null
9431,1714964149792,1714964150328,536,null
9432,1714964149793,1714964150328,535,null
9433,1714964149793,1714964150328,535,null
9434,1714964149793,1714964150548,755,null
9435,1714964149793,1714964150328,535,null
9436,1714964149793,1714964150328,535,null
9437,1714964149794,1714964150329,535,null
9438,1714964149794,1714964150329,535,null
9439,1714964149794,1714964150669,875,null
9440,1714964149794,1714964150670,876,null
9441,1714964149794,1714964150580,786,null
9442,1714964149794,1714964150670,876,null
9443,1714964149795,1714964150670,875,null
9444,1714964149795,1714964150548,753,null
9445,1714964149795,1714964150670,875,null
9446,1714964149795,1714964150328,533,null
9447,1714964149796,1714964150197,401,null
9448,1714964149796,1714964150328,532,null
9449,1714964149796,1714964150670,874,null
9450,1714964149797,1714964150328,531,null
9451,1714964149797,1714964150329,532,null
9452,1714964149797,1714964150329,532,null
9453,1714964149797,1714964150329,532,null
9454,1714964149797,1714964150329,532,null
9455,1714964149797,1714964150670,873,null
9456,1714964149797,1714964150548,751,null
9457,1714964149798,1714964150578,780,null
9458,1714964149798,1714964150670,872,null
9459,1714964149798,1714964150197,399,null
9460,1714964149803,1714964150328,525,null
9461,1714964149869,1714964150327,458,null
9462,1714964149869,1714964150328,459,null
9463,1714964149869,1714964150236,367,null
9464,1714964149869,1714964150328,459,null
9465,1714964149869,1714964150328,459,null
9466,1714964149870,1714964150328,458,null
9467,1714964149870,1714964150328,458,null
9468,1714964149870,1714964150328,458,null
9469,1714964149870,1714964150328,458,null
9470,1714964149870,1714964150328,458,null
9471,1714964149870,1714964150329,459,null
9472,1714964149870,1714964150208,338,null
9473,1714964149870,1714964150351,481,null
9474,1714964149871,1714964150328,457,null
9475,1714964149871,1714964150329,458,null
9476,1714964149871,1714964150329,458,null
9477,1714964149871,1714964150548,677,null
9478,1714964149871,1714964150670,799,null
9479,1714964149871,1714964150670,799,null
9480,1714964149871,1714964150329,458,null
9481,1714964149871,1714964150328,457,null
9482,1714964149871,1714964150328,457,null
9483,1714964149872,1714964150327,455,null
9484,1714964150072,1714964150328,256,null
9485,1714964150072,1714964150328,256,null
9486,1714964150072,1714964150329,257,null
9487,1714964150073,1714964150329,256,null
9488,1714964150073,1714964150348,275,null
9489,1714964150073,1714964150670,597,null
9490,1714964150074,1714964150548,474,null
9491,1714964150074,1714964150328,254,null
9492,1714964150076,1714964150327,251,null
9493,1714964150076,1714964150350,274,null
9494,1714964150076,1714964150328,252,null
9495,1714964150080,1714964150328,248,null
9496,1714964150080,1714964150328,248,null
9497,1714964150081,1714964150328,247,null
9498,1714964150081,1714964150329,248,null
9499,1714964150081,1714964150329,248,null
9500,1714964150081,1714964150328,247,null
9501,1714964150081,1714964150340,259,null
9502,1714964150312,1714964150670,358,null
9503,1714964150312,1714964150548,236,null
9504,1714964150313,1714964150548,235,null
9505,1714964150313,1714964150548,235,null
9506,1714964150314,1714964150670,356,null
9507,1714964150314,1714964150635,321,null
9508,1714964150315,1714964150669,354,null
9509,1714964150316,1714964150670,354,null
9510,1714964150317,1714964150548,231,null
9511,1714964150317,1714964150670,353,null
9512,1714964150318,1714964150662,344,null
9513,1714964150319,1714964150548,229,null
9514,1714964150320,1714964150548,228,null
9515,1714964150320,1714964150670,350,null
9516,1714964150321,1714964150670,349,null
9517,1714964150322,1714964150670,348,null
9518,1714964150323,1714964150670,347,null
9519,1714964150324,1714964150670,346,null
9520,1714964150325,1714964150670,345,null
9521,1714964150326,1714964150670,344,null
9522,1714964150326,1714964150836,510,null
9523,1714964150600,1714964150836,236,null
9524,1714964150601,1714964150836,235,null
9525,1714964150601,1714964150671,70,null
9526,1714964150602,1714964150647,45,null
9527,1714964150603,1714964150811,208,null
9528,1714964150603,1714964150672,69,null
9529,1714964150604,1714964150836,232,null
9530,1714964150604,1714964150836,232,null
9531,1714964150605,1714964150836,231,null
9532,1714964150605,1714964150836,231,null
9533,1714964150606,1714964150805,199,null
9534,1714964150606,1714964150670,64,null
9535,1714964150607,1714964150678,71,null
9536,1714964150608,1714964150714,106,null
9537,1714964150608,1714964150836,228,null
9538,1714964150609,1714964150836,227,null
9539,1714964150609,1714964150836,227,null
9540,1714964150610,1714964150836,226,null
9541,1714964150610,1714964150812,202,null
9542,1714964150619,1714964150836,217,null
9543,1714964150619,1714964150807,188,null
9544,1714964150620,1714964150883,263,null
9545,1714964150620,1714964150836,216,null
9546,1714964150620,1714964150846,226,null
9547,1714964150620,1714964150836,216,null
9548,1714964150620,1714964150836,216,null
9549,1714964150620,1714964150836,216,null
9550,1714964150620,1714964150836,216,null
9551,1714964150620,1714964150836,216,null
9552,1714964150620,1714964150836,216,null
9553,1714964150621,1714964150836,215,null
9554,1714964150621,1714964150836,215,null
9555,1714964150621,1714964150836,215,null
9556,1714964150621,1714964151181,560,null
9557,1714964150621,1714964151076,455,null
9558,1714964150621,1714964150836,215,null
9559,1714964150621,1714964151180,559,null
9560,1714964150621,1714964151181,560,null
9561,1714964150621,1714964151181,560,null
9562,1714964150622,1714964150881,259,null
9563,1714964150622,1714964151181,559,null
9564,1714964150622,1714964151563,941,null
9565,1714964150622,1714964151180,558,null
9566,1714964150622,1714964151181,559,null
9567,1714964150622,1714964151051,429,null
9568,1714964150622,1714964151181,559,null
9569,1714964150622,1714964150880,258,null
9570,1714964150622,1714964151181,559,null
9571,1714964150623,1714964151181,558,null
9572,1714964150623,1714964150872,249,null
9573,1714964150623,1714964151181,558,null
9574,1714964150623,1714964151051,428,null
9575,1714964150623,1714964150803,180,null
9576,1714964150625,1714964151181,556,null
9577,1714964150625,1714964151051,426,null
9578,1714964150625,1714964151181,556,null
9579,1714964150625,1714964151181,556,null
9580,1714964150626,1714964151181,555,null
9581,1714964150626,1714964151181,555,null
9582,1714964150626,1714964151181,555,null
9583,1714964150626,1714964151182,556,null
9584,1714964150626,1714964151182,556,null
9585,1714964150626,1714964151181,555,null
9586,1714964150627,1714964151181,554,null
9587,1714964150627,1714964151181,554,null
9588,1714964150628,1714964151181,553,null
9589,1714964150629,1714964151181,552,null
9590,1714964150629,1714964151181,552,null
9591,1714964150630,1714964151082,452,null
9592,1714964150630,1714964151182,552,null
9593,1714964150631,1714964151181,550,null
9594,1714964150631,1714964150836,205,null
9595,1714964150631,1714964150836,205,null
9596,1714964150632,1714964150872,240,null
9597,1714964150682,1714964150885,203,null
9598,1714964150713,1714964150836,123,null
9599,1714964150713,1714964150836,123,null
9600,1714964150713,1714964150836,123,null
9601,1714964150713,1714964150836,123,null
9602,1714964150713,1714964150836,123,null
9603,1714964150714,1714964150836,122,null
9604,1714964150716,1714964150846,130,null
9605,1714964150717,1714964150836,119,null
9606,1714964150717,1714964150836,119,null
9607,1714964150718,1714964150836,118,null
9608,1714964150718,1714964150846,128,null
9609,1714964150719,1714964150846,127,null
9610,1714964150719,1714964150846,127,null
9611,1714964150720,1714964150846,126,null
9612,1714964150720,1714964150846,126,null
9613,1714964150721,1714964150846,125,null
9614,1714964150721,1714964150836,115,null
9615,1714964150722,1714964151181,459,null
9616,1714964150726,1714964150872,146,null
9617,1714964150733,1714964151181,448,null
9618,1714964150733,1714964151181,448,null
9619,1714964150733,1714964151563,830,null
9620,1714964150733,1714964151181,448,null
9621,1714964150733,1714964151181,448,null
9622,1714964150733,1714964151563,830,null
9623,1714964150734,1714964151181,447,null
9624,1714964150734,1714964151181,447,null
9625,1714964150734,1714964151181,447,null
9626,1714964150734,1714964151182,448,null
9627,1714964150734,1714964151181,447,null
9628,1714964150734,1714964150939,205,null
9629,1714964150734,1714964151181,447,null
9630,1714964150734,1714964151182,448,null
9631,1714964150734,1714964151181,447,null
9632,1714964150734,1714964151181,447,null
9633,1714964150735,1714964151181,446,null
9634,1714964150735,1714964151181,446,null
9635,1714964150735,1714964151181,446,null
9636,1714964150735,1714964151181,446,null
9637,1714964150735,1714964151181,446,null
9638,1714964150735,1714964151181,446,null
9639,1714964150735,1714964151181,446,null
9640,1714964150735,1714964151181,446,null
9641,1714964150735,1714964151181,446,null
9642,1714964150736,1714964151181,445,null
9643,1714964150736,1714964151181,445,null
9644,1714964150736,1714964151181,445,null
9645,1714964150736,1714964151181,445,null
9646,1714964150736,1714964151181,445,null
9647,1714964150736,1714964151181,445,null
9648,1714964150736,1714964151181,445,null
9649,1714964150736,1714964151181,445,null
9650,1714964150737,1714964151181,444,null
9651,1714964150737,1714964151181,444,null
9652,1714964150737,1714964151181,444,null
9653,1714964150737,1714964151181,444,null
9654,1714964150737,1714964151181,444,null
9655,1714964150737,1714964151181,444,null
9656,1714964150737,1714964151181,444,null
9657,1714964150737,1714964151181,444,null
9658,1714964150737,1714964151181,444,null
9659,1714964150738,1714964151181,443,null
9660,1714964150738,1714964151181,443,null
9661,1714964150738,1714964151181,443,null
9662,1714964150738,1714964151181,443,null
9663,1714964150738,1714964151181,443,null
9664,1714964150738,1714964151181,443,null
9665,1714964150738,1714964151181,443,null
9666,1714964150738,1714964151181,443,null
9667,1714964150738,1714964151181,443,null
9668,1714964150738,1714964151181,443,null
9669,1714964150739,1714964151181,442,null
9670,1714964150739,1714964151181,442,null
9671,1714964150739,1714964151181,442,null
9672,1714964150739,1714964151181,442,null
9673,1714964150739,1714964151181,442,null
9674,1714964150739,1714964151181,442,null
9675,1714964150739,1714964151181,442,null
9676,1714964150739,1714964151181,442,null
9677,1714964150739,1714964151181,442,null
9678,1714964150739,1714964151051,312,null
9679,1714964150823,1714964151181,358,null
9680,1714964150916,1714964151181,265,null
9681,1714964150917,1714964151181,264,null
9682,1714964150917,1714964151181,264,null
9683,1714964150917,1714964151181,264,null
9684,1714964150917,1714964151181,264,null
9685,1714964150917,1714964151181,264,null
9686,1714964150918,1714964151181,263,null
9687,1714964150918,1714964151181,263,null
9688,1714964150918,1714964151181,263,null
9689,1714964150918,1714964151181,263,null
9690,1714964150918,1714964151182,264,null
9691,1714964150919,1714964151508,589,null
9692,1714964150919,1714964151181,262,null
9693,1714964150919,1714964151182,263,null
9694,1714964150919,1714964151182,263,null
9695,1714964150919,1714964151559,640,null
9696,1714964150920,1714964151559,639,null
9697,1714964150924,1714964151207,283,null
9698,1714964150941,1714964151559,618,null
9699,1714964150941,1714964151523,582,null
9700,1714964150942,1714964151563,621,null
9701,1714964150942,1714964151508,566,null
9702,1714964150943,1714964151559,616,null
9703,1714964150943,1714964151515,572,null
9704,1714964150944,1714964151515,571,null
9705,1714964150944,1714964151522,578,null
9706,1714964150945,1714964151523,578,null
9707,1714964150945,1714964151520,575,null
9708,1714964150946,1714964151523,577,null
9709,1714964150947,1714964151523,576,null
9710,1714964150947,1714964151523,576,null
9711,1714964150948,1714964151523,575,null
9712,1714964150948,1714964151523,575,null
9713,1714964150949,1714964151559,610,null
9714,1714964150949,1714964151559,610,null
9715,1714964150950,1714964151181,231,null
9716,1714964150950,1714964151523,573,null
9717,1714964150951,1714964151182,231,null
9718,1714964150951,1714964151181,230,null
9719,1714964150952,1714964151182,230,null
9720,1714964151032,1714964151182,150,null
9721,1714964151032,1714964151523,491,null
9722,1714964151033,1714964151180,147,null
9723,1714964151034,1714964151523,489,null
9724,1714964151035,1714964151244,209,null
9725,1714964151036,1714964151182,146,null
9726,1714964151036,1714964151559,523,null
9727,1714964151037,1714964151559,522,null
9728,1714964151038,1714964151182,144,null
9729,1714964151038,1714964151559,521,null
9730,1714964151039,1714964151563,524,null
9731,1714964151040,1714964151523,483,null
9732,1714964151041,1714964151191,150,null
9733,1714964151041,1714964151219,178,null
9734,1714964151042,1714964151563,521,null
9735,1714964151043,1714964151563,520,null
9736,1714964151043,1714964151559,516,null
9737,1714964151044,1714964151559,515,null
9738,1714964151045,1714964151559,514,null
9739,1714964151045,1714964151509,464,null
9740,1714964151046,1714964151559,513,null
9741,1714964151047,1714964151511,464,null
9742,1714964151047,1714964151513,466,null
9743,1714964151048,1714964151559,511,null
9744,1714964151049,1714964151518,469,null
9745,1714964151050,1714964151522,472,null
9746,1714964151050,1714964151182,132,null
9747,1714964151094,1714964151263,169,null
9748,1714964151094,1714964151182,88,null
9749,1714964151094,1714964151182,88,null
9750,1714964151095,1714964151182,87,null
9751,1714964151095,1714964151182,87,null
9752,1714964151096,1714964151182,86,null
9753,1714964151096,1714964151523,427,null
9754,1714964151097,1714964151182,85,null
9755,1714964151097,1714964151182,85,null
9756,1714964151098,1714964151182,84,null
9757,1714964151098,1714964151559,461,null
9758,1714964151099,1714964151559,460,null
9759,1714964151099,1714964151563,464,null
9760,1714964151100,1714964151559,459,null
9761,1714964151100,1714964151559,459,null
9762,1714964151101,1714964151563,462,null
9763,1714964151101,1714964151559,458,null
9764,1714964151102,1714964151563,461,null
9765,1714964151102,1714964151563,461,null
9766,1714964151103,1714964151563,460,null
9767,1714964151103,1714964151523,420,null
9768,1714964151104,1714964151523,419,null
9769,1714964151104,1714964151559,455,null
9770,1714964151105,1714964151182,77,null
9771,1714964151105,1714964151559,454,null
9772,1714964151106,1714964151559,453,null
9773,1714964151106,1714964151559,453,null
9774,1714964151107,1714964151559,452,null
9775,1714964151107,1714964151563,456,null
9776,1714964151108,1714964151563,455,null
9777,1714964151108,1714964151563,455,null
9778,1714964151109,1714964151563,454,null
9779,1714964151109,1714964151563,454,null
9780,1714964151110,1714964151563,453,null
9781,1714964151110,1714964151563,453,null
9782,1714964151110,1714964151559,449,null
9783,1714964151111,1714964151563,452,null
9784,1714964151170,1714964151563,393,null
9785,1714964151171,1714964151572,401,null
9786,1714964151172,1714964151573,401,null
9787,1714964151172,1714964151563,391,null
9788,1714964151173,1714964151749,576,null
9789,1714964151173,1714964151744,571,null
9790,1714964151174,1714964151749,575,null
9791,1714964151174,1714964151750,576,null
9792,1714964151175,1714964151750,575,null
9793,1714964151175,1714964151750,575,null
9794,1714964151176,1714964151749,573,null
9795,1714964151176,1714964151751,575,null
9796,1714964151177,1714964151749,572,null
9797,1714964151177,1714964151749,572,null
9798,1714964151178,1714964151563,385,null
9799,1714964151178,1714964151563,385,null
9800,1714964151179,1714964151563,384,null
9801,1714964151180,1714964151563,383,null
9802,1714964151180,1714964151571,391,null
9803,1714964151384,1714964151746,362,null
9804,1714964151488,1714964151749,261,null
9805,1714964151488,1714964151565,77,null
9806,1714964151488,1714964151749,261,null
9807,1714964151488,1714964151750,262,null
9808,1714964151488,1714964151748,260,null
9809,1714964151489,1714964151751,262,null
9810,1714964151489,1714964151750,261,null
9811,1714964151489,1714964151749,260,null
9812,1714964151489,1714964151749,260,null
9813,1714964151489,1714964151749,260,null
9814,1714964151489,1714964151750,261,null
9815,1714964151489,1714964151750,261,null
9816,1714964151489,1714964151750,261,null
9817,1714964151490,1714964151750,260,null
9818,1714964151490,1714964151749,259,null
9819,1714964151490,1714964151749,259,null
9820,1714964151490,1714964151749,259,null
9821,1714964151490,1714964151749,259,null
9822,1714964151490,1714964151751,261,null
9823,1714964151490,1714964151751,261,null
9824,1714964151491,1714964151750,259,null
9825,1714964151491,1714964151750,259,null
9826,1714964151491,1714964151750,259,null
9827,1714964151491,1714964151750,259,null
9828,1714964151491,1714964151750,259,null
9829,1714964151491,1714964151750,259,null
9830,1714964151491,1714964151751,260,null
9831,1714964151491,1714964151681,190,null
9832,1714964151492,1714964151563,71,null
9833,1714964151523,1714964151750,227,null
9834,1714964151564,1714964151750,186,null
9835,1714964151564,1714964151750,186,null
9836,1714964151564,1714964151750,186,null
9837,1714964151564,1714964151742,178,null
9838,1714964151565,1714964151750,185,null
9839,1714964151566,1714964151750,184,null
9840,1714964151566,1714964151750,184,null
9841,1714964151566,1714964151750,184,null
9842,1714964151567,1714964151750,183,null
9843,1714964151567,1714964151750,183,null
9844,1714964151567,1714964151751,184,null
9845,1714964151626,1714964151751,125,null
9846,1714964151632,1714964151775,143,null
9847,1714964151632,1714964151809,177,null
9848,1714964151633,1714964151787,154,null
9849,1714964151633,1714964151811,178,null
9850,1714964151634,1714964151808,174,null
9851,1714964151634,1714964151822,188,null
9852,1714964151635,1714964151851,216,null
9853,1714964151636,1714964151884,248,null
9854,1714964151636,1714964151919,283,null
9855,1714964151637,1714964152049,412,null
9856,1714964151638,1714964151751,113,null
9857,1714964151638,1714964151751,113,null
9858,1714964151678,1714964151751,73,null
9859,1714964151679,1714964151751,72,null
9860,1714964151680,1714964151751,71,null
9861,1714964151681,1714964151751,70,null
9862,1714964151682,1714964151751,69,null
9863,1714964151682,1714964151751,69,null
9864,1714964151685,1714964151751,66,null
9865,1714964151697,1714964151751,54,null
9866,1714964151697,1714964151751,54,null
9867,1714964151698,1714964151783,85,null
9868,1714964151698,1714964151751,53,null
9869,1714964151699,1714964151751,52,null
9870,1714964151699,1714964151806,107,null
9871,1714964151699,1714964151751,52,null
9872,1714964151700,1714964151751,51,null
9873,1714964151714,1714964151751,37,null
9874,1714964151716,1714964151799,83,null
9875,1714964151724,1714964151779,55,null
9876,1714964151724,1714964151758,34,null
9877,1714964151743,1714964151843,100,null
9878,1714964151744,1714964151848,104,null
9879,1714964151744,1714964151854,110,null
9880,1714964151745,1714964151884,139,null
9881,1714964151745,1714964151884,139,null
9882,1714964151746,1714964151917,171,null
9883,1714964151746,1714964151820,74,null
9884,1714964151747,1714964151799,52,null
9885,1714964151747,1714964151886,139,null
9886,1714964151822,1714964152049,227,null
9887,1714964151823,1714964152049,226,null
9888,1714964151823,1714964152049,226,null
9889,1714964151824,1714964152035,211,null
9890,1714964151824,1714964152048,224,null
9891,1714964151825,1714964152049,224,null
9892,1714964151825,1714964152049,224,null
9893,1714964151825,1714964152049,224,null
9894,1714964151826,1714964152049,223,null
9895,1714964151826,1714964152049,223,null
9896,1714964151827,1714964151920,93,null
9897,1714964151830,1714964152048,218,null
9898,1714964151831,1714964152049,218,null
9899,1714964151831,1714964152049,218,null
9900,1714964151832,1714964152049,217,null
9901,1714964151832,1714964152049,217,null
9902,1714964151832,1714964152049,217,null
9903,1714964151833,1714964152049,216,null
9904,1714964151833,1714964152049,216,null
9905,1714964151833,1714964152049,216,null
9906,1714964151834,1714964152049,215,null
9907,1714964151834,1714964152049,215,null
9908,1714964151834,1714964152172,338,null
9909,1714964151835,1714964152215,380,null
9910,1714964151835,1714964152220,385,null
9911,1714964151836,1714964152265,429,null
9912,1714964151836,1714964152265,429,null
9913,1714964151836,1714964152265,429,null
9914,1714964151837,1714964152263,426,null
9915,1714964151837,1714964152265,428,null
9916,1714964151837,1714964152265,428,null
9917,1714964151838,1714964152265,427,null
9918,1714964151838,1714964152265,427,null
9919,1714964151838,1714964152265,427,null
9920,1714964151839,1714964152049,210,null
9921,1714964151839,1714964152032,193,null
9922,1714964151839,1714964152049,210,null
9923,1714964151860,1714964152049,189,null
9924,1714964151860,1714964152049,189,null
9925,1714964151860,1714964152049,189,null
9926,1714964151860,1714964152049,189,null
9927,1714964151860,1714964152049,189,null
9928,1714964151860,1714964152049,189,null
9929,1714964151861,1714964152049,188,null
9930,1714964151861,1714964152049,188,null
9931,1714964151861,1714964152049,188,null
9932,1714964151861,1714964152049,188,null
9933,1714964151861,1714964152049,188,null
9934,1714964151861,1714964152049,188,null
9935,1714964151861,1714964152049,188,null
9936,1714964151861,1714964152049,188,null
9937,1714964151861,1714964152049,188,null
9938,1714964151862,1714964152049,187,null
9939,1714964151862,1714964152049,187,null
9940,1714964151862,1714964152049,187,null
9941,1714964151862,1714964152049,187,null
9942,1714964151862,1714964152049,187,null
9943,1714964151862,1714964152049,187,null
9944,1714964151862,1714964152049,187,null
9945,1714964151862,1714964151922,60,null
9946,1714964151862,1714964152049,187,null
9947,1714964151863,1714964151932,69,null
9948,1714964151863,1714964152049,186,null
9949,1714964151863,1714964152049,186,null
9950,1714964151863,1714964152049,186,null
9951,1714964151863,1714964152049,186,null
9952,1714964151863,1714964152049,186,null
9953,1714964151863,1714964152049,186,null
9954,1714964151863,1714964152049,186,null
9955,1714964151863,1714964152049,186,null
9956,1714964151864,1714964152049,185,null
9957,1714964151896,1714964152265,369,null
9958,1714964151896,1714964152256,360,null
9959,1714964151896,1714964152262,366,null
9960,1714964151897,1714964152258,361,null
9961,1714964151897,1714964152049,152,null
9962,1714964151897,1714964152049,152,null
9963,1714964151897,1714964152172,275,null
9964,1714964151897,1714964152265,368,null
9965,1714964151897,1714964152291,394,null
9966,1714964151897,1714964152265,368,null
9967,1714964151897,1714964152265,368,null
9968,1714964151897,1714964152237,340,null
9969,1714964151898,1714964152242,344,null
9970,1714964151898,1714964152049,151,null
9971,1714964151898,1714964152049,151,null
9972,1714964151898,1714964152049,151,null
9973,1714964151898,1714964152049,151,null
9974,1714964151898,1714964152219,321,null
9975,1714964151898,1714964152049,151,null
9976,1714964151898,1714964152258,360,null
9977,1714964151898,1714964152258,360,null
9978,1714964151899,1714964152262,363,null
9979,1714964151899,1714964152241,342,null
9980,1714964151899,1714964152265,366,null
9981,1714964151899,1714964152214,315,null
9982,1714964151899,1714964152262,363,null
9983,1714964151899,1714964152265,366,null
9984,1714964151899,1714964152262,363,null
9985,1714964151899,1714964152265,366,null
9986,1714964151899,1714964152239,340,null
9987,1714964151900,1714964152258,358,null
9988,1714964151900,1714964152265,365,null
9989,1714964151900,1714964152244,344,null
9990,1714964151900,1714964152246,346,null
9991,1714964151900,1714964152217,317,null
9992,1714964151900,1714964152262,362,null
9993,1714964151900,1714964152265,365,null
9994,1714964151900,1714964152049,149,null
9995,1714964151900,1714964152265,365,null
9996,1714964151901,1714964152049,148,null
9997,1714964151901,1714964152049,148,null
9998,1714964151901,1714964152049,148,null
9999,1714964151901,1714964152049,148,null
